Srl. Communities
No.
and Age
POPULATION
UNMARRIED
MARRIED
WIDOWED
DIVORCED
Persons
Males
Femalcs
Persons
Males
Females
Persons
Males
Females
Persong
Malcs
Females
M:
10
11
12
18
14
15
10
17
1. ALL COM-
823,622
416,963
406,659
289,648
165,049
124,599
454,726
231,968 222,758   73,849
17,939
MUNITIES 
55,910 5,399 2,007 3,392
0_
28,785
18,661
15,124
28,480
18,58 4
14,946
279
122
157
26
17
109,003
49,712
59,201
102,530
47,678
54,852
6,018
1,848
4,170
453
185
21
6~10
94,692
52,525
42,167
74,204
44,027
80.177
19,843
8,307
11,536
627
189
268
10_16
84,217
4,726
89,491
44,364
28,456
15
38,502
15,948
22,554
1,236
298
088
#
4
15
20
67,686
33,046
84,0+0
17,657
12,812
4,845
47,744
19,874
27,870
2,018
288
1,780
#
195
20  80
154,493
81,404
78,089
12,655
10,587
2,088
133,521
68,106
65,415
7,356
2,296
5,080
80_ 40
110,303
58,940
51,368
4,649
8,093
956
94,421
51,963
42,458
10,172
2,875
7,297
961
415
546
40  50
78,174
48,045
85,129
2,945
2,562
388
61,729
36,828
25,401
12,277
8,600
8,391 %,63
409
6
50
80
57,438
24,718
82,720
1,346
1,083
268
35,830
19,248
18,582
19,278
4,016
15,262
489
60 & over
38,831
15,186
23,645
818
017
201
16,839
10,224
20,406
4,126
16,280
988
278
013
549
2. Brahmanic
12,808
5,917
6,891
6,026
2,877
3,149
5,986
2,913
3,073
773
115
658
23
12
8
Hindus .
11
3
519
244
275
517
248
274
2
1,886
866
1,020
1,857
860
907
27
1,726
880
1,066
1,551
640
911
3
20
1
8
10_-15
1,714
599
1,112
1,188
516
672
82
433
16
20
1,265
489
776
610
849
261
639
140
499
16
20 _ 80
2,497
1,373
1,124
238
207
81
,155
1,155
1,000
101
92
80
50
1,602
832
770
29
1,408
780
628
158
20
188
3
50
80
833
281
%58
#
#
{72
178
202
80
150
1
60 & over
325
152
173
163
119
98
#
28
127
1
2
8. Other Hlndus
418,699
212,496
206,203
137,736
82,034
55,702
5,634
123,817 119,817   35,733
6,057
29,676 1,596
588
1,008
8
14,192
7,870
6,822
14,084
7,322
6,762
108
48
80
52,674
23,525
29,149
49,305
22,701
26,604
3,082
700
2,882
286
128
188
5-_10
49,312
80,228
19,089
37,054
24,822
12,232
11,856
5,271
6,585
128
261
10_15
44,426
24,079
20,347
19,398
18,468
5,935
24,159
10,418
18,741
814
186
628
8
4
i
15
220
32,835
15,021
17,814
6,910
4,224
2,886
24,633
10,629
14,004
1,149
1381
1,018
143
20
83,500
43,487
40,083
5,433
4,623
810
74,340
37.037
86,408
3,341
783
2,558
386
202
80
5
55,109
29,079
20,080
2,761
2,846
416
46,885
25,598
21,292
5,114
1,021
4,098
349
12
280
40
37,457
20,901
16,556
1,804
1,860
144
30,191
17,898
12,298
5,194
1,283
8,961
268
158
50
29,104
11,681
17,428
627
547
~80
19,559
9,879
9,680
8,711
1,14
7,587
207
9
96
80 & ovCr
20,090
7,150
12,940
360
826
34
8,821
5,444
8,877
10,735
1,808
9,427
174
102
908
015
i
243.
389
106