"Sxl. Communities
No. and Age POPULATION : UNMARRIED “MARRIED WIDOWED DIVORCED
FN Eee ee —_,~ — A.
Persons Males Females Persons Males. ‘Females Persons Males Females. Persons Males Females “P. MOF
1 2 8. 4 5 6 7 | 8B 9 10 11 12 18 14 15 16 oy
1 aL com. 823,622 416,963 406,659 289,648 165,049 124,599 454,726 231,968 222,758 73,849 17,939 55,910 5,399 2,007 3,392
ES. .
O—1 28,785 18,601 15,124 28,480 18,584 14,946 279 122187 26 5 21,
5 +» 109,003 49,712 59,201 102,530 47,678 «= 54.852. 6,018 1,848 4,170 453 5 268 2 yy
B10 ++ 94,692 52,525 42,107 74,204 © 44,027 80,177 19,843 8,807 11,536 6271808818 2 16
10—15 84217 44,726 $0,401 44,364 28,456 15,908 38,502 15,048 22.554 1,236 298 048 115 oe 86
15—20 ++ 67,686 83,046 84,640 17,657 | 12,812 4,845, 47,744 19,874 27,870 2,018 288 1,780 267 72 195
20-80 «154,493 81,404 78,089 «12,655 10,587 2,068 133,521 68,106 65,415 7,356. 2,206 5,060 961 415 546
8040s. «110,303 58,940 51,368 46498608 956 94,421 51,968 42,458 10,172 2,875 7.297 1,061 409 652
40-50... 78,174 43,045 85,129 2,945 2562. 888 61,729 86,828 25,401 12,277 8,606 8,611 1,223 480 784
50-60... 57,438 «= 718 82,720 1,346 = 1,088. 268 35,830 19,248 16,582 19,278 4,016 15,262 "984 371 O18
60 &over .. 38,831 15,186 28,645, 818 ‘617 201 16,839 10,224 6,615 20,406 4,126 16,280 768 219 549
~
2, Brahmanic 12,808 5,917 6,891 6,026 2,877 3,149 5,986 2,913 3,078 «7311 6582s 2a, s
Hindus.
ol. 519 244 275 517 243 274 2 1 rus ue me 8 OS ae
1-5 4. 1,886 866 «1,020 1,857 860 907 27 6 21 : a
5-10 2. 1,726 660 1,066 = 1,551 640 911 172 20 152 2 ws 2 1 1
wW-15 TL 509,121,188 516 672 515 82488. 7 i 6 4 3 1
W200. 1,265 489 776 610 349 261 639 140499 6 Woe. wo.
20—80 os 2,497 1,878 1,124 238 207 gl 2,155 1,155 = 1,000 101 9 92 3 3 1
80-40. 1,602 ‘882 710 31 29 2 1,408 730 "628 158, 2 «188 —0—CdBB
O50, 834 481 358 18 M7 1 633 481 202 182 2 150 Lad,
50-60, 443 221 222 11 ae 272 179 (98155 80 15 Bg
6O&over .. 325 152 173 5 5 ‘e 163 19 4 150 23 17 7 & 2B
8. Other Hindus 418,699 212,496 206,203 137,736 82,034 55,702 243,634 123,817 119,817 35,733 6,057 29,676 1,596 588 1,008
O-1  .. 14,192 7,870 6,822 14,084 7,822 4g, 762 108 48 6. + — wR
1—5 ., 52,674 23,525 29,149 49,305 22,701 26,604 += 3,082 700 2,882 286 «9128 «= 68d 1.
510s. 49,812 80,228 19,089 37,054 24,822 12,282 11,856 5,271 6,585 3891886113
10-15. 44,426 © 24,079 20,847 19,398 18,468 5,085 24,159 10,418 18,741 814186628 SBCA,
15-20. 32,835 15,021 17,814 6,910 4,224 2,686 24,633 10,629 14,004 1,149 181 -1,018 14387 «10g
20-80... 83,500 © 48,407 «40,088 5,433 4,628. 810 74,340 87,087 36,408 3,341 «= 783-«2,558 386 «124 202
80-40. 55,109 29,079 26,080 2,761 2, 846 415 46,885 25,508 21,202 5,114 1,021 4,098 349 119 230
40—50 «+ 37,457 20,901 16,556 1,804 1,660 144, 30,191 17,898 12,298 5,194 4,283 8,961 268 110 158
50-60... 29,104 = 1,68117,428 627 ‘847 80 19,559 9,879 9,680 8,711 1,144 7'567 207 111 96
O&over .. 20,090 7150 12,940 360 326 34 8,821 5,444 8,877 10,735 1,808 9,427 174 «972 10%
