TABLE VII.
Age, Sex and Civil Condition Part II.-Districts.
POPULATION
UNMARRIED
MARRIED
WIDOWED
TABLE VII.
AGE, SEX & CIVIL CONDITION.
56
District
Religion and Age
Person
Males
Females
Persons
Males
Fenuales
Persons
Males
Females
Persons
Mules
Females
0
7
9
10
11
12
13
Adilabad
All Religions
762,030
389,754
372,276
284,409
161,772
122,637
411,284
211,532
199,752
66,337
16,450
49,887
0-1
30,033
18,23
10
29,456
131,058
16,98
568
1-5
111,721
55,113
56,608
102,722
51,068
51,054
8,309
1272
3,165
306
5,114
690
280
410
5-10..
99.627
53.549
46,028
72,578
$2,378
25.776
10,511
15,25
1,273
460
813
10-15
83,810
38,67
43,822
28,496
38,644
16,0X31
1,344
116
928
15-20
66,092
32,136
12,779
9,819
2,900)
51,529
21,801
20,638
1,784
126
1,358
20-30
138,822
70,112
68,710
11,802
8,747
3,055
119,938
50,8
60,500
7,082
1,927
5,355
30-40
100,561
53,274
47,287
5,398
2,116
83,203
47,170
30,083
11,960
2,852
9,108
1030
65.940
35,0
30,510
3,080
2,149
47,380
20,617
17,7
15,480
11,816
50-60
37,883
11,473
18,410
1,517
1,117
500
22,572
15,018
7,054
13,794
3,338
10,456
10 and over
27.541
12.401
15,140
1,255
888
67
13,365
8,300
4,900
12,921
3,114
9,417
Hindu (Brahmanic)
491,088
252,021
239,067
176,408
101,853
74,555
266,090
137,930
128,160
48,590
12,238
36,352
0-1
19,817
1-3
68,375
8,495
34,280
19,523
8,120
11,103
290
34,086
62.739
32,281
31, 135
5,092
3-10
63,081
31,742
43,932
26,101
17,31
18.092
72
1,756
7,435
218
3,336
544
10,657
1,057
249
406
6651
10-15
54.766
20,427
25,339
26,217
17.261
8,153
27.461
11,821
15,610
1,088
342
740
15-20
43,567
21,075
7.927
5,800
2,0x37
34,294
14,876
19,418
1,346
309
1,037
20-30
89,433
45,936
43,477
7,759
2,147
76,293
38,022
37,371
5,381
1,422
30-40
65,107
31,403
30,704
4,221
2,485
1,736
52,131
2,786
8,755
2,1:2
6,62
40-50
43,132
23,064
20,068
2,310
1,548
762
29,503
18,748
10,755
11,319
2,7GH
8,551
50--00
25,075
12,568
12,507
1,021
785
14.247
9,370
4,877
9,807
2,413
60 and over
18.735
8,002
10,733
759
664
95
8,687
3,144
3,543
9,289
2,194
7,005
Adi Hindu
115,554
57,843
57,711
43,825
24,025
19,800
63,662
32,137
31,525
8,067
1,681
6,386
0-1
4.512
2,103
2,100
4.468
2,081
2,384
39
19
20
5
5
1-5
3-10
10-15
18,774
8,828
9,940
17.097
8,209
8,798
1,597
524
1,073
80
75
15,097
8,020
7,068
11,613
6,627
4,986
3,388
1,300
1,908
96
12
84
12,247
6,455
5,792
7,053
4,541
2,512
5,077
1,88-4
3,193
117
30
87
15-20
9,825
4,803
4,160
1,689
1,347
342
7,934
3, HG
4,468
202
52
150
20-30
21.289
10,137
11,152
1,305
8:15
470
19,222
9,122
10,100
762
180
582
30-40
15.021
7,684
7, 337
297
164
133
13,163
7,247
5,916
1,561
273
1,288
40-50
9,912
5,246
4,600
141
79
6:2
7,855
4,748
3,087
1,916
399
1,517
50-60
5,438
2,840
2,308
100
37
63
3,558
2,428
1,130
1,780
375
1,405
60 and over
3,439
1,656
1,783
62
12
50
1,829
1,289
540
1,548
355
1,103