46

TABLE VIII.—CIVIL CONDITION BY RELIGION AND AGE.

PART A.—ALL RELIGIONS—continued.

|  DISTRICT. | (a) MARRIED.  |   |   |   |   |   |   |   |   |   |   |   |   |   |   |
| --- | --- | --- | --- | --- | --- | --- | --- | --- | --- | --- | --- | --- | --- | --- | --- |
|   |  TOTAL MARRIED. | AGE PERIODS.  |   |   |   |   |   |   |   |   |   |   |   |   |   |
|   |   |   |   |  0-4 |   | 5-9 |   | 10-14 |   | 15-19 |   | 20-24 |   | 25-29  |   |
|   |  Total. | Males. | Females. | Males. | Females. | Males. | Females. | Males. | Females. | Males. | Females. | Males. | Females. | Males. | Females.  |
|   |  2 | 3 | 4 | 5 | 6 | 7 | 8 | 9 | 10 | 11 | 12 | 13 | 14 | 15 | 16  |
|  Cachar Plains | 161,848 | 84,100 | 77,748 | 27 | 57 | 135 | 761 | 686 | 5,462 | 2,286 | 12,059 | 7,330 | 15,112 | 14,001 | 15,244  |
|  Sylhet | 860,754 | 423,779 | 436,975 | 97 | 200 | 327 | 5,361 | 2,338 | 51,420 | 11,286 | 86,175 | 34,287 | 88,502 | 66,193 | 78,888  |
|  Total Surma Valley | 1,022,602 | 507,879 | 514,723 | 124 | 257 | 462 | 6,122 | 3,024 | 56,882 | 13,572 | 98,234 | 41,617 | 103,614 | 80,194 | 94,132  |
|  Goalpara | 195,346 | 103,366 | 91,980 | 11 | 38 | 130 | 2,430 | 1,391 | 10,164 | 4,215 | 15,535 | 8,918 | 15,669 | 16,027 | 15,845  |
|  Kamrup | 250,748 | 125,567 | 125,181 | 31 | 63 | 188 | 930 | 1,117 | 7,075 | 3,674 | 16,933 | 10,195 | 23,231 | 18,779 | 23,609  |
|  Darrang | 127,419 | 65,517 | 61,902 | 19 | 20 | 100 | 343 | 554 | 2,338 | 1,595 | 6,507 | 5,301 | 11,348 | 9,203 | 11,645  |
|  Nowgong | 129,696 | 65,426 | 64,270 | 15 | 16 | 55 | 104 | 284 | 1,270 | 1,352 | 5,949 | 4,582 | 11,641 | 8,374 | 12,253  |
|  Sitsagar | 179,162 | 90,819 | 88,343 | 7 | 19 | 75 | 211 | 415 | 1,881 | 1,622 | 8,536 | 7,374 | 18,882 | 13,429 | 18,212  |
|  Lakhimpur | 104,776 | 54,822 | 49,954 | 3 | 5 | 25 | 83 | 249 | 1,132 | 1,249 | 5,012 | 5,061 | 10,550 | 10,095 | 11,791  |
|  Total Brahmaputra Valley | 987,147 | 505,517 | 481,630 | 86 | 161 | 573 | 4,101 | 4,010 | 23,860 | 13,707 | 58,472 | 41,431 | 91,321 | 75,907 | 93,355  |
|  Total Plains | 2,009,749 | 1,013,396 | 996,353 | 210 | 418 | 1,035 | 10,223 | 7,034 | 80,742 | 27,279 | 156,706 | 83,048 | 194,935 | 156,101 | 187,487  |
|  North Cachar | 6,888 | 3,499 | 3,389 | 1 | ... | ... | 2 | 10 | 30 | 51 | 348 | 239 | 579 | 516 | 765  |
|  Naga Hills | 54,762 | 27,501 | 27,261 | 15 | 26 | 26 | 52 | 95 | 526 | 583 | 2,528 | 1,765 | 3,829 | 4,049 | 5,375  |
|  Khasi and Jaintia Hills | 78,478 | 37,638 | 40,840 | 10 | 22 | 33 | 61 | 192 | 768 | 1,565 | 4,624 | 3,954 | 6,974 | 5,576 | 7,090  |
|  Garo Hills | 57,028 | 27,570 | 29,458 | 5 | 19 | 31 | 332 | 263 | 1,616 | 1,043 | 3,591 | 2,169 | 4,603 | 4,176 | 5,504  |
|  North Lushai (Civil and Military). | 921 | 921 | ... | ... | ... | ... | ... | ... | ... | 25 | ... | 143 | ... | 269 | ...  |
|  Total Hill Districts | 198,077 | 97,129 | 100,948 | 31 | 67 | 90 | 447 | 560 | 2,940 | 3,267 | 11,091 | 8,270 | 15,985 | 14,586 | 18,734  |
|  Total for the Province | 2,207,826 | 1,110,525 | 1,097,301 | 241 | 485 | 1,125 | 10,670 | 7,594 | 83,682 | 30,546 | 167,797 | 91,318 | 210,920 | 170,687 | 206,221  |

This content downloaded from
73.69.208.150 on Sun, 23 Mar 2025 02:00:19 UTC
All use subject to https://about.jstor.org/terms