49
All use subject to https://about.jstor.org/terms
73.69.208.150 on Sun, 23 Mar 2025 02:00:19 UTC
This content downloaded from
DISTRICT.
TABLE VIII.-CIVIL CONDITION BY RELIGION AND "AGE.
PART A.-ALL RELIGIONS-concluded.
(3) WIDOWED.
AGE PERIODS.
30-34
35-39
€40-44.
45-49.
50-54.
55-59-
60 and over.
Males. Females. Males. Females.
Males. Females.
Males. Females.
Males. Females. Males
Females.
Males.
Females.
17
18
19
20
21
22.
23
24.
25
26
27
28
29
.30
Cachar Plains
Sylhet
Total Surma Valley
771 2,741
3,243
.776 2,625
23,654 3,130 20,860
909 3,706
4,256 31,924
637 2,318
3,069 18,056
846 3,629
4,479 28,895.
293
1,666
1,116
7,801
1,468
5,869
11,792
11,792 51,473
4,014
26,398 3,906
23,485
5,165 85,630
3,706 20,374.
5,325 32,524
1,959
8,917 ||13,260
57,342
Goalpara
Kamrup
Darrang
Nowgong
Sibsagar
Lakhimpur
764
3,757.
834
...
1,372 5,525
1,257
1,277
2,087
1,112
979
1,750
861*
2,294
..1,059 5,526
4,687 2,046 .8,887
-1,885 1,427 3,439
1,742 1,173 3,039
2,608 1,853 2,578 2,345 4,321
1,290 1,489. 1,154 1,369 1,183 2,110
3,698
678 2,860
960 5,275
447
2,003 2,528
11,775
1,183
4,033
2,221 8,366
982
3,049
3,638
13,158
778
-1,720
1,379 3,459
590
1,510
1,537 4,198
720
1,692
1,117
8,232
544
1,298
2,174
6,332
1,168 2,344
602 1,127
1,885
4,386
847
1,777
2,202
5,432
866
2,025
344
.859
966
2,426
Total Brahmaputra Valley
Total Plains
North-Cachar
Naga Hills
Khasi and Jaintia Hills
Garo Hills
North Lushai (Civil and Military).
Total Hill Districts
17,216
:
:
7,976
7,071 15,959
11,990 43,614
43,614 10,977 | 39,444
9,233 27,322
14,398 62,952
5,129 13,776
8,428 26,743
8,835 34,150 13,753 59,267
3,754 10,496 13,045 43,321
5,718
19,413
26,305 100,663
50
181
27
106
41
212
26
110
42.
187
22
55
109
322
432
866
628
1,071
560
1,319
353
822
354
1,017
152
310
543 1,489
368 \1,164
345
1,136
401
1,698
305
1,238
385
1,842
165
737.
167.
1,028 4,211
502
160
358
175
707
95
422
157
679
54
240
415
1,363
14
7
4
1
2
1
1,031 2,713
1,167
2,671
1,181 3,936
780
2,592
940 3,725
393 1,342
2,096
7,385
Total for the Province
13,021 46,327 12,144 42,115
46,327 12,144 42,115 15,579 66,888
9,615 36,742 14,693 62,992 6,106 20,755 28,401 108,048