1
8
I3
6
0333
6c
0/1
1
88
7
&
4
3
8
1
{
3
0
8
8
7
#}12
5
8
L
332
2
8
8332
8
62
8
s'
1
8
2/5/223
7
8
7
8
7
3
8
13
"828
4
1
2
1
23/8
588383
#8
888
8
3
1
8
9/luaa/ak
2
238
3
8
9
6
1
3
2/3
83
&7
83
3|o/
386
2
3
7
3
]
1
4
W2
7
8
7
8
7
3
0
E8ha
2838
3
8
2
1
IV
2
0
8
83
832338 |3
833*
8
3
C
3
9
8
1
1
8
I82
0
3333
&
#8
a8
7i
38
63
8
1
$
1
23|3
7
35
7
4
~
3
N
1281
3
883
3
9
1
1
8
a3/2
8
7
3
7
8
m
I3
2833
8
1
Ji
8
1
2
e8
aj3*33||
&
838
5
1
7
7
1
1
2
33/3/5393
7
3
Iai
282
7
8
3
8
3
6
E
32
255938|2/3
8
8267
8
8
1
5
2
0
0
3
L
1
;
134
4
1
J
UJd
2
2
Jl 7
ImN  ! Jxx %
1
49
This content downloaded from
73.69.208.150 on Sun, 23 Mar 2025 02.00:19 UTC
All use subject to https:Ilabout jstor org/terms
1
8
8
3
8
8
5
1
1
J
|
6
1