47

TABLE VIII.—CIVIL CONDITION BY RELIGION AND AGE.

PART A—ALL RELIGIONS—continued.

|  DISTRICT. | (a) MARRIED.  |   |   |   |   |   |   |   |   |   |   |   |   |   |
| --- | --- | --- | --- | --- | --- | --- | --- | --- | --- | --- | --- | --- | --- | --- |
|   |  AGE PERIODS  |   |   |   |   |   |   |   |   |   |   |   |   |   |
|   |  30-34 |   | 35-39 |   | 40-44 |   | 45-49 |   | 50-54 |   | 55-59 |   | 60 and over.  |   |
|   |  Males. | Females. | Males. | Females. | Males. | Females. | Males. | Females. | Males. | Females. | Males. | Females. | Males. | Females.  |
|   |  17 | 18 | 19 | 20 | 21 | 22 | 23 | 24 | 25 | 26 | 27 | 28 | 29 | 30  |
|  Cachar Plains | 15,991 | 12,482 | 13,377 | 6,717 | 10,913 | 5,170 | 6,067 | 1,649 | 5,793 | 1,737 | 1,872 | 389 | 5,622 | 909  |
|  Sylhet | 75,510 | 58,172 | 62,058 | 27,137 | 55,462 | 22,363 | 31,332 | 6,954 | 33,260 | 7,085 | 10,283 | 1,203 | 41,346 | 3,515  |
|  Total Surma Valley | 91,501 | 70,654 | 75,435 | 33,854 | 66,375 | 27,533 | 37,399 | 8,603 | 39,053 | 8,822 | 12,155 | 1,592 | 46,968 | 4,424  |
|  Goalpara | 16,932 | 12,459 | 14,591 | 6,671 | 13,650 | 6,082 | 6,699 | 2,059 | 8,166 | 2,417 | 2,749 | 759 | 9,887 | 1,852  |
|  Kamrup | 21,318 | 21,246 | 16,104 | 11,004 | 18,675 | 10,751 | 8,522 | 3,170 | 12,704 | 4,081 | 4,555 | 1,134 | 9,705 | 1,954  |
|  Darrang | 12,434 | 11,938 | 9,707 | 6,525 | 10,066 | 5,867 | 4,617 | 1,920 | 6,041 | 2,123 | 2,185 | 624 | 3,695 | 704  |
|  Nowgang | 10,995 | 11,612 | 8,991 | 6,672 | 9,895 | 6,510 | 4,927 | 2,459 | 6,733 | 2,848 | 2,871 | 937 | 6,652 | 1,999  |
|  Sibeagar | 18,007 | 16,633 | 14,233 | 8,794 | 13,275 | 7,765 | 6,062 | 2,633 | 8,091 | 2,969 | 3,050 | 844 | 5,179 | 964  |
|  Lakhimpur | 11,310 | -8,909 | 8,975 | 4,692 | 7,125 | 3,733 | 3,140 | 1,491 | 3,808 | 1,502 | 1,312 | 477 | 2,470 | 577  |
|  Total Brahmaputra Valley | 90,996 | 82,797 | 72,601 | 44,358 | 72,686 | 40,708 | 33,967 | 13,732 | 45,543 | 15,940 | 16,422 | 4,775 | 37,588 | 8,050  |
|  Total Plains | 182,497 | 153,451 | 148,036 | 78,212 | 139,061 | 68,241 | 71,366 | 22,335 | 84,596 | 24,762 | 28,577 | 6,367 | 84,556 | 12,474  |
|  North Cachar | 736 | 608 | 463 | 306 | 492 | 312 | 210 | 123 | 303 | 124 | 85 | 36 | 393 | 156  |
|  Naga Hills | 5,068 | 5,161 | 5,788 | 3,847 | 3,836 | 2,981 | 2,044 | 982 | 1,986 | 1,068 | 584 | 284 | 1,662 | 602  |
|  Khasi and Jaintia Hills | 5,920 | 6,077 | 5,210 | 4,396 | 4,550 | 4,077 | 2,893 | 2,104 | 2,920 | 2,030 | 1,152 | 682 | 3,663 | 1,935  |
|  Garo Hills | 4,892 | 4,716 | 4,403 | 2,696 | 3,684 | 2,678 | 1,813 | 1,042 | 1,909 | 1,096 | 781 | 427 | 2,401 | 1,138  |
|  North Leshai (Civil and Military) | 225 | ... | 134 | ... | 68 | ... | 31 | ... | 22 | ... | 3 | ... | 1 | ...  |
|  Total Hill Districts | 16,841 | 16,562 | 15,998 | 11,245 | 12,630 | 10,048 | 6,991 | 4,251 | 7,140 | 4,318 | 2,605 | 1,429 | 8,120 | 3,831  |
|  Total for the Province | 199,338 | 170,013 | 164,034 | 89,457 | 151,691 | 78,289 | 78,357 | 26,586 | 91,736 | 29,080 | 31,182 | 7,796 | 92,676 | 16,305  |

This content downloaded from
73.69.208.150 on Sun, 23 Mar 2025 02:00:19 UTC
All use subject to https://about.jstor.org/terms