All use subject to https://about.jstor.org/terms
73.69.208.150 on Sun, 23 Mar 2025 02:00:19 UTC
This content downloaded from
DISTRICT.
TABLE VIII.—CIVIL CONDITION BY RELIGION AND AGE.
PART A.-ALL RELIGIONS-continued.
TOTAL MARRIED,
0-4.
. (2) MARRIED,
AGE PERIODS.
10-14.
15-19.
Total.
Males.
Females.
Males. Females. Males. Females.
Males. Females. Males. Females. Males. Females.
Males.
Females.
3
5
6
7
8
9
10
11
12
13
14
15
16
Cachar Plains
Sylhet.
Total Surma Valley
Goalpara
Kamrup
Darrang
Nowgong
Sibsagar
Lakhimpur
...
...
Total Brahmaputra Valley
Total Plains
8 ⠀
* 161,848
860,754
1,022,602
84,100
423,779
77,748
436,975
20
27
57
97
135
200 327
761
686.
5,361 2,338
507,879
514,723 124
257
462
5,462 2,286 12,059 7,330 15,112- 14,001 15,244
51,420 11,286 86,175 34,287 88,502 66,193 78,888
6,122 3,024 56,882 13,572 98,234 41,617 103,614 80,194 94,132
...
195,346 103,366
91,980 11
38 130
250,748
125,567 125,181
31
63
188
127,419
65,517
61,902 19
20
100
2,430 1,391
930 1,117.
343 554
10,164 4,215
15,535 8,918 15,669
16,027 15,845
7,075 3,674
16,933 10,195 23,231
18,779 23,609
129,696 65,426
179,162 90,819
104,776 54,822
987,147 505,517 481,630 86
64,270 15
16
55
104 284
88,343
49,954
7
19
75
3
5
25
211 415
83 249
2,338 1,595
1,270 1,352
1,881 1,622
1,132 1,249
6,507 5,301 11,348
9,203 11,645
5,949 4,582
11,641
8,374 12,253
8,536 7,374
18,882
13,429 18,212
5,012 5,061
10,550
10,095 || 11,791
161 573
|
4,101 4,010 23,860 13,707 58,472 41,431 91,321
75,907 93,355
2,009,749 1,013,396
996,353
210
418 1,035
10,223 7,034 80,742 27,279 156,706 83,048 194,935 156,101 187,487.
North Cachar
-
6,888
3,499
3,389
1
2
Naga Hills
10
...
54,762
27,501
27,261
15
26
26
52
95
Khasi and Jaintia Hills
78,478
37,638
40,840
10
22
33
61
192
Garo Hills
...
57,028
27,570
29,458
5
19
31
332
263
North Lushai (Civil and Military).
30 51
526 583
768 1,565
1,616
1,043
348
239
2,528 1,765
4,624 3,954
3,591 2,169 4,603
579
516
765
3,829
4,049
5,375
6,974
5,576
7,090
4,176
5,504
921
921
...
25
143
269
.
Total Hill Districts
198,077 97,129 100,948 31
67
90
447
560
2,940 3,267 11,091 8,270 15,985 14,586
14,586 18,734
Total for the Province
...
2,207,826 1,110,525 1,097,301
241
485 1,125 10,670 7,594
10,670 7,594 83,682 30,546 167,797 91,318 210,920 170,687 206,221
46