VII.-PART II-AGE AND CIVIL CONDITION DE DISTRICTS.-ATRAF-I-BALDA DISTRICT.
Srl. Communities
No. and Ages
POPULATION
UNMARRIED
MARRIED
WIDOWED
DIVORCED
Persons Males Females Persons Males Females Persons Males Females Persons Males Females P. M. F.
1 2
3
1. ALL COM-
MUNITIES.
0-1
1-5
5-10
10-15
15-20
4
5
612,493 309,494 302,999 250,956 146,156
21,187 9,627 11,560
81,447 40,093 $1,354
65,477 38,181 29,296 60,934
57,220 31,357
50,830 27,638
6
7
8
9
10
11
15 16
104,800 294,031 149,023 145,008 64,718 13,160 51,558 2,788 1,155 1,633
12
13
14
17
21,152
81,129
9,613
39,947
34,791
11,589
41,182
26,143 4,248
31
14
17
4
4
247
136
1,349
111
69
8
61
2
2,899
290
37
253
5
4
1
25,863
45,379
27,993
17,886 11,088
28,192
20,370
15,490
4,880
28,608
20-30
103,801
51,851
52,447
15.763
13,488
2,275
81,111
30-40
82,939 41,794 41,145
3,792
2,961
831
68,147
40-50
50-60
60 & over
37,133
67,041 32,728
45,418 21,097 24,321
17,625
34,313
1,203
905
298
50,285
798
644
154
30,602
19,508
436
824
112
19,664
2. Brahmanic
13,984
6,941
7,043
5,979
3,147
2,832.
7,628
8,310 7,778 737
11,787 16,821 1,716
36,685 44,426 6,472
36,663 31,484 10,397
29,049 21,236 14,948
17,574 13,028 13,554
12,456 7,208 16,531
3,762
48
689
16
6
10
326
1,390 136
85
101
1,007
5,405 555
114 441
1,923 8,474 503
2,531 12,417 605
2,662 10,892 464
4,558 11,978 502
24/7 256
248 862
217 247
287 215
3,866 377
32
345
Hindus.
0-1
1-5
5-10
10-15
15-20
:::::
387
146
241
387
146
241
1,583
578
1,005
1,578
578
1,000
5
5
1,255
576
679
1,202
558
644
53
18
35
1,691
622
1,069
1,314
556
758
377
66
311
1,518
963
555
778
611
167
726
352
374
14
14
:::::
:::::
20-30
2,196
1,329
867
542
520
22
1,619
806
813
35
30-40
1,826
1,060
766
138
138
1,623
920
708
65
40-50
1,535
782
758
35
50-60
1,322
610
712
5
85
5
1,414
741
673
1,228
593
635
89
60 & over
671
275
896
583
266
.817
8888
86
12
32620
32
63
80
77
9
79
::::: :::::
8. Other Hindus. 353,795 178,536 175,259 142,933 83,845 59,088 167,527
94
85,243 82,284 41,645 8,738 32,907 1,690 710 980
0-1
12,076
1-5
5-10
10-15
15-20
:::::
44,581
5,897
6,679 12,067
21,098 23,488
42,623 23,768 18,855
33,926 19,618
25,021 14,874
5,391
6,676
9
6
8
44,411
21,008
28,408
137
92
45
31
1
80
2
2
39,348
22,044
16,404
3,102
806
2,296
169
14
155 4
4
14,308 27,301
17,510
9,791
6,229
2,088
4,146
387
22
365 9
8
10,147
9,032
8,123
909
14,939
6,485 8,454 967
235
732
83
81
52
20-30
59,449
26,928
32,521
7,863
6,877
986
47,028
19,276 27,752 4,321
710
3,611 237
65
172
30-40
47,599
24,252 23,347
1,516
1,002
514
39,163
21,808 17,855 6,536
1,281
5,255 384
161
223