VIL—PART U—AGE AND ULYIl WUIWwE.tUIY DX U151KUL9,—ATRKAK-I-BALDA DISTRICT,
No, and Ages POPULATION UNMARRIED MARRIED WIDOWED DIVORCED
pee ee! ee ee ee oe
Persons Males © Females Persons © Males © Females Persons = Males Females Persons Males Females P. M. ¥F,
i 2 8 4 5 6 7 _ 8 9 10 1 12 18 4 6 w Ww
1, ALL COM- 612,493 309,494 302,999 250,956 146,156 104,800 294,031 149,023 145,008 64,718 13,160 51,558 2,788 1,155 1,633
0-1. 21,187 9,627" 11,360 21,152 9,618 11,589 31 4 Ww 4 vs Ai es
1-5 +» 81,447 40,093 41,854 81,129 389,947 41,182 247 186 lll 69 8 61 2 Rs
510...” 65,477 36,181 29,206 60,934 «34,791 26,143 4,248 1,349 2,899 290 a7 885k
10-15 iw. 57,220 81,857 25,868 45,379 = 27,098 = 17,886 11,088 8,810 7,778 737 48 689 «166s
15-20... 50,830 27,688 «= 28,192 20,370 ~=—15,490 4,880 28,608 11,787 16,821 1,716 326 1,390 136 85 101
20—30 +» 103,801 51,854 52,447 = 15,763 18,488 2,275 = 81,111 36,685 44,426 6,472 1,067 5,405 555 11k 441
30-40, 82,939 41,794 41,145 3,792 2,961 881 68,147 86,668 31,484 10,397 1,923 8474 503 247 256
40-50 ., 67,041 «82,728 © 84,818 1,203 905 208 50,285 29,049 21,286 14,948 2,531 12,417 605 248  g62
50-60 «45,418 = 21,007 24,827 798 644 154 30,602 17,574 18,028 13,554 2,662 10,892 464 217 947
G0 &over .. 37,133 17,625 +19, 508 436 824 U2 = 19,664 = :12,456 7,208 16,531 4,558 11,078 502 287 215
2, Brahmanic 13,984 6,941 7,043 5,979 3,147 2,832. 7,628 3,762 3,866 377 32 345 . o cS
Hindus. =
o-1 .. 387 146 241 387 146 241 . ie Fr - ie vy des ey ee
1—5 on 1,583 578 1,005 1,578 58 1,000 5 “5 . . a0 we . ia
5-10 «. 1,255 576 679 «1,202 558 644 53 18 BB. a a oe om
10-15 ws 1,691 622 1,069 1,314 556 188 377 66 «Bll. ‘3 x a os ee
15-20 ., = 1,518 968 555 178 611 167 126 352 8TH, “4. Wie 1
20-30, «2,196 1,829 867 542 520+ «221,619 806 «818, 35 3 Bo wwe ge we
80-40... 1,826 1,060 766 138 188 ia 1,623 920 708 65 2 Bae a f.
40-50, 1,835 782 168 35 85 ai 1,414 TAL 678 86 6 BO ve weve
5060 «= 1,322 610 n2 5 5 “a 1,228 598685 89 12 Te ec stay
60 &over ., 671 275 896 S ee} Wi 583 2660 B17 88 9 Wi wwe oe aly
8. Other Hindus. 353,795 178,536 175,259 142,933. 83,845 59,088 167,527 85,243 82,284 41,645 8,738 32,907 1,690 710 980
0-1 +» 12,076 5,897 6,679 12,067 5,391 6,678 9 6 8 : “ “ a ee
1-5 ++ 44,581 21,098 28,483 44,411 21,008 23,408 137 92 45 31 1 80 2 RB vs
510... 42,623 «28,768 += :18,855 © 39,348 = 22,044 += 16,404 = 3,102. 806 «2,296 = 169 4 1 4 4 .,
10—15 +» 33,926 19,618 14,808 = 27,301 17,510 9,791 6,229 2,088 4,146 387 22 865 iS 8 6
15-20... 26,021 «14,874 += 10,147 (9,032 8,128 909 = 14,939 6485 8454 967 285 782 83 81 52
20-80... 59,449 26,928 = 2,521 7,863 6,877 986 47,028 19,276 - 27,752 4,321 10 «8,611 237° 65 172
80-40, 47,599 24,252 28,847 = 1,516 1,002 514 = 39,163 21,808 17,855 6,536 1,281 5,255 384 161 223
