VII_PAKT M-AGE ANU UYAL
UUNDMAUN
DI
VID IIUID _ATKAr-[-BALDA DISTRICT_
Brl_
Communities
No.
and Ages
POPULATION
UNMARRIED
MARRIED
WIDOWED
DIVORCED
Pergons
Males
Females
Persons
Males
Females
Pcrsons
Males
Females
Persons
Malcs   Females
P
M:
F.
10
11
12
18
14
16
10
17
1. ALL COH-
612,493
309,494
302,999
250,956
146,156
104,800
294,031
149,023 145,008
64,718
13,160   51,558 2,788 1,155 1,633
MUNTTIES.
21,187
9,627 -
11,580
21,152
9,818
11,539
31
14
17
1_ 6
81,447
40,093
41,354
81,129
39,947
41,182
247
186
1I1
69
5_10
65,477
36,181
29,296
60,934
34,791
26,143
4,248
1,849
2,899
290
87
253
1
3
10_15
57,220
31,357
25,863
45,379
27,998
17,886
11,088
8,810
7,778
737
48
089
18
15  _ 20
50,830
27,838
28,192
20,370
15,490
4,880
28,608
11,787
16,821
1,716
326
1,390
136
85
101
20 _ 80
103,801
51,354
52,447
15,763
138,488
2,275
81,111
36,685
4420
6,472
1,067
5,405
555
114
30_ 40
82,939
41,794
41,145
3,792
2,961
831
68,147
86,603
31,484
10,397
1,928
8,474
503
247
258
40  50
67,041
32,728
34,318
1,203
905
208
50,285
29.049
21,236
14,948
2,531
12,417
605
248
862
50 _ 60
45,418
21,097
24,821
798
644
154
30,602
17,574
13,028
13,554
2,662
10,892
464
217
247
80 & over
37,133
17,625
19,608
436
824
112
19,664
12,456
7,208
16,531
4,558
11,078
502
287
2, Brahmanlc
13,984
6,941
7,043
5,979
3,147
2,832
7,628
3,762
3,866
377
32
345
0:
Hindus.
0 = 1
387
146
241
387
146
241
1 6
1,583
578
1,005
1,578
578
1,000
5_10
1,255
578
679
1,202
558
844
53
18
35
10 -15
1,691
022
1,069
1,314
556
758
377
66
311
15_20
1,518
963
555
778
611
167
726
352
874
14
20 _ 30
2,196
1,329
867
542
520
22
1,619
806
813
35
32
80
A40
1,826
1,060
786
138
188
1,623
920
708
63
40
50
1,535
782
768
35
85
1,414
741
673
;
50 _ 60
1,322
610
712
1,228
593
635
8
%
60 & over
671
896
583
286
317
8. Other Hindus:
353,795
178,536
175,259
142,933
83,845
59,088
167,527
85,243
82,284
41,645
8,738
32,907 1,690
710
980
0 = 1
12,076
5,897
6,879
12,067
5,391
6,676
1_ 5
44,581
21,098
23,483
44,411
21,008
23,408
137
92
45
31
80
5 10
42,623
23,788
18,855
39,348
22,944
16,404
3,102
806
2,296
169
14
155
3
10 -15
33,926
19,618
14,808
27,301
17,510
9,791
6,229
2,088
4,146
387
22
865
15 20
26,021
14,874
10,147
9,032
8,128
909
14,939
6,485
8,454
967
235
732
52
20 _ 80
59,449
26,928
32,521
7,863
6,877
986
47,028
19,276
27,752
4,321
710
3,611
237
65
172
80_ 40
47,599
24,252
23,847
1,516
1,002
514
39,163
21.808
17,355
6,536
1,281
5,255
384
161
223
215
275
6