TABLE VII.
Age, Sex and Civil Condition Part II.-Districts.
TABLE VII.
AGE, SEX AND CIVIL CONDITION.
50
POPULATION
UNMARRIED
MARRIED
WIDOWED
District
Religion and Age
Males
Femaks
Persons
Males
Females
Persons
Males
Females
Persons
Males
Females
#
"
9
10
11
12
13
14
Atraf-i-Balda. All Religions
499,661
253,975
245,686
198,212
119,097
79,115
246,108
123,332
122,776
55,341
11,546
43,795
16,433
16.272
1 3
72.365
69,642
7.087
31,716
34,120
148
2,483
72
76
13
13
13
1,547
240
43
193
3 -10
1013
13 20
200
-30
62.029
28,703
51.524
0,750
21,774
10,074
7,553
431
50,969
27,819
33,130
34,664
23,716
10,948
15,778
4,023
11,753
527
1001
417
37,764
18,238
19,
12,176
10,600
1,316
24,485
17,133
1,103
246
83,291
43,238
10,072
1,211
67,965
28,1:0
30,835
5,254
1,072
4,182
69,649
36, 458
2.161
1,612
349
58,153
33,261
24,802
9,335
1,585
7,754)
50,180
3,288
904
608
204
36,343
23,120
12,423
12,933
2,
10,500
50-60
31.115
11,38
494
335
130
18,587
13,593
4,004
12,034
2,508
9,436
GD and over
25,866
1:3,2
12,437
303
182
121
12,092
2,50
13,471
9,968
Hindu (Brahmanic)
333,919
169,509
164,410
132,125
80,537
51,588
162,423
80,802
81,621
39,371
8,170
31,201
0-1
10,659
33171
5,588
10,585
3,000
1--3
47,535
23,888
45,790
23,210
5,570
22,580
69
62
5
1,624
666
958
121
12
109
T
10
42,644
23,125
19,319
35,657
21,405
6,666
1,678
4,988
321
12
279
10 -13
1320
20 30
34,734
19.233
1.3.483
23,742
16,635
7,107
10,395
2,333
8,040
397
331
24,333
12.20%
12,123
7.702
7,1K2
670
15,803
4,983
10.8200
828
193
45
53,857
23313
1301,32
6,318
3,638
680
43,674
17,050
26,615
3,865
818
3,047
30-10
46.940
21,148
22,792
1,241
880
361
39,126
22.137
26,1
6,573
3,113
5,462
из 50..
34,463
18.326
15,947
583
402
181
24.647
14,417
8,210.
9,233
1,687
7,546.
30-40
21,239
11,118
10,121
320
217
103
12,294
9,006
3,288
8,625
6,7:30
Go and over
17,515
8,1137
8,838
187
10
TH
7,925
6,190
1,7
9,403
2,349
7,054
Adi Hindu
98,366
50,243
48,123
41,056
24,266
16,790
47,713
23,853
23,860
9,597
2,124
7,473
3,475
1,687
1.78%
3,451
1,680
1,771
18
11
6
6
13
15,913
7,184
15,412
7,336
8,076
444
1-16
אותי
57
10
13,164
6,88G
11,278
10,809
6,167
4,342
2,292
411
1,881
63
10 13..
10,158
3.82
1,296
6,990
3,012
1,978
3,093
842
2,251
75
13-20..
7,030
3,8101
2,172
2,016
156
4,689
1,174
3,515
169
139
15,858
7.
8,339
1,547
1,332
213
13,437
6,002
7,435
874
163
700
30-40
13,225
7,241
3,984
344
218
126
11,152
6,720
4,132
1,729
303
1,426
40-50.
8,958
4,517
172
103
47
6,568
3,984
2,584
2,218
428
1,790
301-43)
5,811
3,213
2,598
102
69
3,684
2,682
1,002
2,025
462
1,563
60 and over
4.774
2,140
57
31
26
2,336
1,885
451
2,381
718
1,663