64
65

# TABLE VII.

## Age, Sex and Civil Condition Part II.—Districts.

|  District | Religion and Age | POPULATION |   |   | UNMARRIED |   |   | MARRIED |   |   | WIDOWED  |   |   |
| --- | --- | --- | --- | --- | --- | --- | --- | --- | --- | --- | --- | --- | --- |
|   |   |  Persons | Males | Females | Persons | Males | Females | Persons | Males | Females | Persons | Males | Females  |
|  1 | 2 | 3 | 4 | 5 | 6 | 7 | 8 | 9 | 10 | 11 | 12 | 13 | 14  |
|  Aurangabad | All Religions | 944,793 | 480,498 | 464,295 | 335,575 | 194,579 | 140,996 | 531,071 | 266,654 | 264,417 | 78,147 | 19,265 | 58,882  |
|   | 0-1 | 28,555 | 13,941 | 11,614 | 27,813 | 13,632 | 11,181 | 713 | 306 | 107 | 29 | 3 | 26  |
|   | 1-5 | 126,367 | 64,182 | 62,185 | 115,759 | 59,052 | 56,707 | 10,474 | 5,081 | 5,393 | 134 | 49 | 85  |
|   | 5-10 | 120,491 | 62,636 | 57,855 | 88,021 | 49,922 | 38,099 | 31,911 | 12,517 | 19,394 | 559 | 197 | 362  |
|   | 10-15 | 106,672 | 54,727 | 51,945 | 58,521 | 37,127 | 21,394 | 47,135 | 17,302 | 29,833 | 1,016 | 298 | 718  |
|   | 15-20 | 87,004 | 41,359 | 45,645 | 18,697 | 15,027 | 3,670 | 66,556 | 25,913 | 40,613 | 1,751 | 389 | 1,362  |
|   | 20-30 | 171,411 | 85,906 | 85,505 | 17,829 | 13,965 | 3,864 | 146,845 | 70,129 | 76,716 | 6,737 | 1,812 | 4,925  |
|   | 30-40 | 127,118 | 66,141 | 60,977 | 4,542 | 3,185 | 1,337 | 108,674 | 59,151 | 49,223 | 13,902 | 3,505 | 10,397  |
|   | 40-50 | 86,284 | 45,686 | 40,598 | 2,468 | 1,445 | 1,023 | 64,465 | 39,178 | 24,987 | 19,351 | 4,763 | 14,588  |
|   | 50-60 | 52,714 | 27,162 | 25,552 | 955 | 600 | 355 | 33,827 | 22,361 | 11,466 | 17,932 | 4,201 | 13,731  |
|   | 60 and over | 38,177 | 18,758 | 19,419 | 970 | 624 | 346 | 20,471 | 14,086 | 6,385 | 16,736 | 4,018 | 12,688  |
|   | Hindu (Brahmanic) | 641,214 | 325,257 | 315,957 | 218,084 | 128,695 | 89,389 | 366,499 | 182,620 | 183,879 | 56,631 | 13,942 | 42,689  |
|   | 0-1 | 19,199 | 9,420 | 9,779 | 18,701 | 9,193 | 9,508 | 471 | 225 | 216 | 27 | 2 | 25  |
|   | 1-5 | 83,903 | 43,090 | 40,813 | 76,860 | 39,816 | 37,014 | 6,956 | 3,218 | 3,738 | 87 | 26 | 61  |
|   | 5-10 | 80,346 | 41,519 | 38,827 | 56,677 | 32,800 | 23,877 | 23,241 | 8,570 | 14,671 | 428 | 119 | 279  |
|   | 10-15 | 71,054 | 36,795 | 34,259 | 37,353 | 24,833 | 12,520 | 32,878 | 11,718 | 21,160 | 823 | 214 | 579  |
|   | 15-20 | 58,810 | 27,681 | 31,129 | 11,490 | 9,538 | 1,952 | 46,054 | 17,813 | 28,211 | 1,266 | 300 | 966  |
|   | 20-30 | 118,152 | 59,347 | 58,805 | 11,474 | 8,983 | 2,101 | 101,614 | 49,073 | 52,541 | 5,064 | 1,291 | 3,773  |
|   | 30-40 | 87,099 | 44,706 | 42,393 | 2,803 | 1,800 | 1,603 | 74,328 | 40,583 | 33,745 | 9,968 | 2,323 | 7,645  |
|   | 40-50 | 60,234 | 31,551 | 28,680 | 1,575 | 900 | 675 | 44,476 | 27,068 | 17,108 | 14,183 | 3,586 | 10,597  |
|   | 50-60 | 36,835 | 18,510 | 18,325 | 608 | 378 | 230 | 23,338 | 15,075 | 8,263 | 12,889 | 3,057 | 9,832  |
|   | 60 and over | 25,582 | 12,635 | 12,947 | 543 | 424 | 119 | 13,143 | 9,247 | 3,896 | 11,896 | 2,964 | 8,932  |
|   | Adi Hindu | 140,336 | 70,323 | 70,013 | 49,538 | 26,560 | 22,978 | 81,177 | 41,299 | 39,878 | 9,621 | 2,464 | 7,157  |
|   | 0-1 | 4,507 | 2,205 | 2,302 | 4,360 | 2,172 | 2,188 | 146 | 32 | 114 | 1 | 1 | ..  |
|   | 1-5 | 20,120 | 10,056 | 10,064 | 18,625 | 9,314 | 9,311 | 1,472 | 727 | 745 | 23 | 15 | 8  |
|   | 5-10 | 17,600 | 8,768 | 8,832 | 13,532 | 7,246 | 6,286 | 3,991 | 1,492 | 2,499 | 77 | 30 | 47  |
|   | 10-15 | 15,906 | 7,676 | 8,230 | 8,359 | 5,000 | 3,359 | 7,450 | 2,618 | 4,802 | 97 | 28 | 69  |
|   | 15-20 | 12,344 | 5,511 | 6,833 | 2,186 | 1,404 | 722 | 10,000 | 4,007 | 5,993 | 158 | 40 | 118  |
|   | 20-30 | 24,218 | 12,116 | 12,102 | 1,524 | 831 | 693 | 21,944 | 11,066 | 10,878 | 750 | 219 | 531  |
|   | 30-40 | 19,428 | 10,186 | 9,242 | 377 | 237 | 140 | 17,089 | 9,317 | 7,742 | 1,962 | 602 | 1,360  |
|   | 40-50 | 12,995 | 6,830 | 6,165 | 334 | 181 | 153 | 10,167 | 6,044 | 4,123 | 3,494 | 605 | 1,889  |
|   | 50-60 | 7,684 | 4,102 | 3,582 | 120 | 45 | 75 | 5,387 | 3,526 | 1,861 | 2,177 | 531 | 1,646  |
|   | 60 and over | 5,534 | 2,873 | 2,661 | 121 | 70 | 51 | 3,531 | 2,110 | 1,121 | 1,882 | 393 | 1,489  |
|   | Muslim | 124,441 | 65,065 | 59,376 | 52,487 | 30,642 | 21,845 | 62,642 | 32,216 | 30,426 | 9,312 | 2,207 | 7,105  |
|   | 0-1 | 3,602 | 1,755 | 1,847 | 3,540 | 1,722 | 1,818 | 61 | 33 | 28 | 1 | .. | 1  |
|   | 1-5 | 16,402 | 8,431 | 7,971 | 14,972 | 7,586 | 7,386 | 1,415 | 812 | 573 | 15 | 3 | 12  |
|   | 5-10 | 17,219 | 9,462 | 7,757 | 13,688 | 7,450 | 6,238 | 3,497 | 2,001 | 1,496 | 34 | 11 | 23  |
|   | 10-15 | 15,214 | 7,845 | 7,369 | 10,256 | 5,636 | 4,620 | 4,883 | 2,191 | 2,692 | 75 | 18 | 57  |
|   | 15-20 | 12,225 | 6,345 | 5,880 | 4,122 | 3,281 | 841 | 7,827 | 3,029 | 4,798 | 276 | 35 | 241  |
|   | 20-30 | 22,214 | 10,897 | 11,317 | 3,984 | 3,467 | 517 | 17,511 | 7,182 | 10,329 | 719 | 218 | 471  |
|   | 30-40 | 15,612 | 8,564 | 7,048 | 1,127 | 949 | 178 | 12,924 | 7,173 | 5,751 | 1,561 | 442 | 1,119  |
|   | 40-50 | 9,977 | 5,670 | 4,307 | 371 | 292 | 79 | 7,519 | 4,929 | 2,590 | 2,087 | 449 | 1,638  |
|   | 50-60 | 6,352 | 3,535 | 2,817 | 187 | 144 | 43 | 3,957 | 2,912 | 1,015 | 2,208 | 449 | 1,759  |
|   | 60 and over | 5,624 | 2,561 | 3,063 | 240 | 115 | 125 | 3,048 | 1,894 | 1,154 | 2,336 | 552 | 1,784  |