VIL-PART II-AGE AND CIVIL CONDITION BY DISTRICTS,
AURANGABAD DISTRICT
SrL:
Communities
No.
and Age
POPULATION
UNMARRIED
MARRIED
WIDOWED
DIVORCED
Persons
Males
Females
Persons
Malcs
Femalcs
Pcrsons
Males
Females
Person?
Males
Females
M
F
10
11
12
18
14
15
10
17
COM-
1,071,950
548,002
523,948
393,024
220,555
172,469
589,472
298,588 290,884   80,581
24,960
55,621 8,873
3,899 4,974
MUNITIES:
0 =
36,955
17,857
19,098
36,672
17,769
18,003
271
88
188
12
12
1 5
135,913
68,893
67,020
130,126
65,597
64,529
5,635
8,296
2,339
152
152
6~10
123,705
58,308
65,402
95,474
50,297
45,177
27,721
7,914
19,807
455
83
372
55
46
10_15
132,482
66,905
65,577
68,950
42,582
20,368
60,228
22,433
87,795
2,118
1,407
711 1,186
483
703
16   20
93,919
45,610
48,400
29,650
21,836
8,014
61,488
22,810
38,672
2,255
820
1,426
526
288
288
20
30
188,779
97,084
91,095
21,059
15,821
5,738
157,035
77,222
79,813
8,210
8,393
4,817 2,475 1,148
1,827
80-40
141,586
77,790
83,796
5,699
3,967
1,732
122,888
69.019
58,869
11,003
4,046
6,957 1,996
758
1,238
40
50
101,129
55,946
45,183
2,819
1,710
1,109
80,470
48,710
81,760
16,779
4,998
11,786 1,061
588
528
50
80
62,775
33,651
29.124
1,10
881
529
42,874
27,267
15,607
17,613
5,125
12,488
878
378
500
60 & over
54,707
26,054
28,058
1,165
795
870
30,862
19,823
11,039
21,984
5,084
16,900
696
362
344
2. Brahmanic
36,308
18,467
17,841
15,110
8,335
6,775
18,902
9,437
9,465
2,296
695
1,601
3
Hindus .
0 =
1,163
637
526
1,163
637
526
17 5
4,492
2,729
1,763
4,430
2,703
1,727
57
26
31
6~10
4,314
1,275
8,039
4,064
211
2,853
221
64
157
20
10-16
4,621
2,024
2,597
3,072
1,590
1,473
1,508
418
1,005
0
12
29
15
-20
3,914
2,135
1,779
1,857
1,668
189
2,017
459
1,558
82
20
80
6,411
8,218
8,198
426
419
5,778
2,737
8,041
207
57
150
80
40
4,639
2,151
2,488
87
4,141
2,011
2,180
461
103
358
40 50
3,357
2,287
1,120
6
20
2,760
2,027
733
577
190
387
50
~80
2,104
1,888
716
82
1,617
1,185
432
455
171
284
60 & over
1,293
678
815
803
515
288
481
154
327
3. Other Hindus
630,471
323,870
306,601
218,551
128,427
90,124
362,585
180,784 181,801
44,648
12,723
31,925 4,687 1,936 2,751
20,804
10,457
10,347
20,658
10,412
10,246
139
45
94
8
77,128
39,918
87,215
73,850
87,635
86,215
3,179
2,278
901
99
99
76,976
88,119
38,857
55,839
81,727
24,112
20,840
6,345
14,495
296
46
250
10 _15
77,447
39,884
87,588
37,927
25,812
12,616
37,863
13.449
24,414
1,063
056
594
167
427
15
20
59,387
28,908
80,479
14,456
12,427
2,029
43,441
10,082
27,409
1,267
857
910
223
92
131
20
30
110,615
58,801
56,814
10,091
7,458
2,088
95,355
44,432
50,.928
3,884
1,808
2,521 1,285
558
732
30 _
40
82,228
45,849
36,879
2,969
1,836
1,183
72,544
41,285
31,309
5,606
1,854
8,752 1,109
424
885
40
58,298
82,839
25,459
1,668
926
742
46,853
29,132
17,721
9,254
2,498
6,756
523
283
240
50_80
35,544
19,108
16,436
574
818
256
24,146
15,587
8,559
10,289
2,998
7,291
535
205
380
60 & over
32,044
15,492
16,552
519
381
188
18,225
12,249
5,976
12,883
2,651
10,282
417
211
206
ALL
107