Srl. Communities
VII-PART II-AGE AND CIVIL CONDITION BY DISTRICTS.-AURANGABAD DISTRICT.
130
No.
and Age
POPULATION
UNMARRIED
MARRIED
WIDOWED
DIVORCED
Persons Males Females Persons Males Females Persons Males Females Persons Males Females P. M. F.
1
2
8
5
6
7
8
9
10
11
12
18
14
15 16
17
MUNITIES.
1. ALL COM- 1,071,950 548,002 523,948 393,024 220,555 172,469 589,472 298,588 290,884 80,581 24,960 55,621 8,873 3,899 4,974
0-1
1-5
5-10
10-15
15-20
20-30
-80-40
40-50
50-60
60 & over
::::::
.. 123,705
132,482
93,919
.. 36,955 17,857 19,098 36,672 17,769 18,903
135,913 68,893 67,020 130,126
65,597 64,529
58,303 65,402 95,474 50,297
66,905 65,577 68,950 42,582
45,519 48,400 29,650 21,636
271
88
188
12
12
5,635
3,296 2,339
45,177
26,368
8,014 61,488
27,721
60,228
152
7,914 19,807 455
22,483 87,795 2,118
22,816 38,672 2,255
152
88
1,407
829
872 55
711 1,186 488
1,426 526 288 288
9
46
703
188,779 97,084 91,695 21,059
141,586 77,790 63,796
15,321
5,788 157,035
77,222 79,813 8,210
8,393
4,817 2,475 1,148 1,827
5,699
3,967
1,732
122,888
69,019 53,869 11,003
4,046
6,957 1,996 758 1,238
101,129
55,946 45,183
2,819
1,710
1,109
80,470
48,710 31,760 16,779
4,998
11,786 1,061
533 528
62,775 33,651 29,124
1,410
881
529
42,874
54,707
26,054 28,653
1,165
795
870
30,862
27,267 15,607 17,613
19,823 11,039 21,984
5,125
12,488 878 378
500
5,084 16,900 696 352
344
2. Brahmanic
36,308
18,467 17,841
15,110
8,335
6,775
18,902
9,437 9,465 2,296
695 1,601
Hindus.
0-1
1-5
5-10
10-15
15-20
20-30
30-40
40-50
50-60
60 & over
::::::::::
1,163
637
526
1,163
637
526
:
4,492
2,729
1,763
4,430
2,703
1,727
57
26
31
5
5
4,314
1,275
3,039
4,064
1,211
2,853
221
64
157
29
29
4,621
2,024
2,597
3,072
1,599
1,473
1,508
418
1,095
41
12
29
3,914
2,135
1,779
1,857
1,668
189
2,017
459
1,558
40
8
82
6,411
3,213
3,198
426
419
7
5,778
2,737 3,041
207
57
150
4,639
2,151
2,488
37
87
3,357
2,28
1,120
20
20
2,104
1,388
716
32
32
1,293
678
615
9
9
::::
4,141
2,011
2,180 461
103
358
2,760
2,027
733
577
190
387
1,617
1,185
482
455
171
284
803
515
288
481
154
827
::::::::
::::::::::
3. Other Hindus 630,471
323,870
306,601 218,551 128,427
90,124 362,585 180,784 181,801 44,648 12,723 31,925 4,687 1,936 2,751
0-1
15
5-10
10-15
15-20
20,804 10,457 10,347 20,658
77,128 39,913 87,215 73,850
76,976 38,119 38,857
55,839
77,447 39,884 37,568
59,387 28,008
30,479 14,456
37,927
12,427
10,412 10,246
139
37,635 36,215 3,179
31,727 24,112 20,840
25,812 12,615 37,863
2,029 43,441
45
94
7
17
2,278
901
99
99
6,345 14,495
13,449 24,414
16,082 27,409
296
46
250
1
1
1,063
956
107 594
167
427
1,267
857
910 223
92
131
20-30
110,615
30-40
40-50
50-60
60 & over
:::::
58,801
56,814 10,091
7,458
82,228
45,349 36,879
2,969
1,836
1,133
58,298
32,839 25,459
1,668
926
2,688 95,355
72,544
742 46,853
35,544
19,108 16,436
574
318
256
24,146
44,482 50,928
41,235 31,309 5,606
29,132 17,721 9,254
15,587
3,884
1,868
2,521 1,285
553
732
1,854
8,752 1,109
424
685
2,498
6,756 523
288
240
8,559 10,289
32,044
15,492
16,552
519
381
188
18,225
12,249
5,976 12,883
2,998 7,291 535 205
417
2,651 10,282
330
211 206