TABLE VII.
Age, Sex and Civil Condition Part II. Districts.
TABLE VII.
AGE, SEX & CIVIL CONDITION.
POPULATION
UNMARRIED
MARRIED
WIDOWED
District
Religion and Age
Persons
Males
Females
Persins
Makes
Fenudes
Persons
Males
Females
Persons
Males
Females
1
#
+
G
7
10
11
12
13
11
Aurangabad
All Religions
0-1
1--3
5-10
10-13
15 20
20-30
30 40
944,793
480,498
464,295
335,575
194,579
40-50
50-60
60 and over
:::::::::::
140,996
531,071
266,654 264,417
78,147
19,265
58,882
28,555
13,911
14,614
27.813
11,181
713
1117
29
126,367
64,182
62,183
115.759
54,717
10,474
134
49
N
120,491
62,6:36
57,855
88,021
8,000
31,911
12,517
19,394
559
197
362
106,672
34,727
51,945
58,521
47,135
17.302
29.8
1,016
IN
או:
87,004
41.359
13,645
18.697
13,027
3,670
66,556
25,013
40.613
1,751
389
1.362
171,411
83,96
85,315
17,829
13,563
146.845
70.129
76,716
6,737
1,812
4,1925
127,118
60,977
4,542
3,185
108,674
13,902
10,397
86,284
45,6NG
10,318
2.468
1,443
64,465
21,57
19,351
4,763
14,588
52,714
27,142
23,352
955
600
355
33,827
11,46
17,932
4,201
13,731
38,177
18,738
19,419
970
4124
346
Hindu (Brahmanic)
641,214
325,257
315,957
218,084
128,695
89,389
20,471
366,499
1-4,08
6.185
16,736
4,018
12.688
182,620
183,879
56.631
13,942
42,689
0-1
19,199
9,420
11,770
1-3
83,903
40,813
5-10
80,346
41,519
38,827
18,701
76,860
56,677
1,193
37,014
471
6,956
216
27
32,800
23,877
23.241
3,218
8.570
אוד.3
87
26
61
14.671
428
10-15
15-20
20-30
71,054
30,795
34,230
37,353
21,
12,320
32,878
11,719
21,100
823
211
5791
58,810
27,081
31,129
11.490
1,538
1.15:2
46.054
17.84
98,211
1.266
ден
966
118,152
11.474
2,191
101,614
49,073
5,064
1,291
3,773
30 40
87,099
+4,700
2,803
1,800
74,328
40,583
7
9.968
7,645
40-50
60,234
31,331
28,680
1,575
200
+1.476
27,1058
17, KIN
14,183
3,586
10,597
50-60
36,835
18,310
18,125
608
378
2:00
23,338
15,075
12,889
3,057
60 and over
25.582
12,947
543
421
119
13,143
11.896
1
9,832
8,012
Adi Hindu
140,336
70,323
70,013
49,538
26,560
22,978
81,177
41,299
39,878
9,621
2,464
7,157
0-1
4.507
2,302
4,360
2,172
2,188
1
5
20,120
10,056
10,064
18,625
9,314
146
1,472
114
1
715
23
13
5-10
17,600
8,768
8,832
13,532
7,2
6,286
3,991
1,492
2,10
77
30
10-15
15,906
7,676
8,22:30
8,359
5,000
7,450
2,618
97
28
15-20
12,344
5,511
6,833
2.186
1,461
7:23
10,000
4,607
158
40
אוך
20-30
24,218
19,116
12,102
1,524
H:31
269
21,944
11,00
10,878
750
219
531
30-40
19,428
10,180
377
157
140
17.089
7,712
1,962
46412
1.360
40-50
12,995
6,8:0
6,165
334
181
153
10.167
2,494
1015
1,889
50-00
7,684
4,102
3,582
120
45
75
5,387
11,52
1,861
2,177
1,646
60 and over
5,534
2,873
2,061
121
70
51
3,531
1,121
1,882
H
1,489
Muslim..
124,441
65,065
59,376
52,487
30,642
21,845
62,642
32,216
30,426
9,312
2,207
7,105
0-1
3,602
1,755
1,847
3,540
1,722
1,818
61
28
1
1-5
16,402
8,431
7,971
14,972
7,586
7,386
1,415
8812
673
15
5-10
17,219
1,462
7,757
13,688
7,450
6,218
3,497
2,001
1,49
34
11
10-15
15,214
7,843
7,369
10,256
4,020
4.883
2,191
75
אן
15-20
12,225
6,345
5,880
4,122
3,281
841
7,827
3,020
4,798
276
20-30
22,214
10,807
11,317
3,984
3,417
517
17,511
7,182
10,20
719
218
30-40
15,612
8,564
7,048
1,127
919
178
12,924
7,17:3
5,751
1,561
412
471
1,119
40-50
9,977
5,670
4,307
371
292
79
7,519
4,929
2,087
419
1,6
50-60
6,352
2,817
187
144
43
3.957
2,912
1,015
2,208
449
1,759
60 and over
5,624
2,561
3,063
240
115
125
3,018
1,801
1,154
2,336
552
1,784