VIL—PART II—AGE AND CIVIL CONDITION BY DISTRICTS.—AURANGABAD DISTRICT.
Sxl. Communities
‘No. and Age POPULATION UNMARRIED MARRIED WIDOWED DIVORCED
 ——  , —_—_, -—_ +,
Persons Males Females’ Persons Males ‘Females Persons Males Females Persons Males Females ‘P.M. F.
1 3 8 4 5 6 7 8 9 10 nu 12 18 uw 1 6 IW
1 a Coe 1,071,950 548,002 523,948 393,024 220,555 172,469 589,472 298,588 290,884 80,581 24,960 55,621 8,873 3,899 4,974
o—1 «+ 36,955 17,857 19,098 36,672 17,769 18,908 271 88 183 12 o. wi. on on
1—5 —.. 135,913 68,898 67,020 130,126 65,507 64,529 «5,635 8,206 2,839 152 .. WR weve
5—10 «+ 123,705 58,808 65,402 95,474 50,297 45,177 27,721 7,914 19,807 455 88. B72 55 9 46
10—15 132,482 66,905 65,577 68,950 42,582 26,868 © «60,228 «22,483 87,795 2,118 1,407 711 1,186 483 708
15-20 «. 93,919 45,519 48,400 29,650 21,686 8,014 61,488 22,816 38,072 2,255 820 1,426 526 288 288
20-80 —«, 188,779 97,084 91,095 21,059 15,821 5,788 157,035 «77,222 79,818 8,210 3,398 4,817 2,475 1,148 1,827
80—40 ++ 141,586 77,790 63,796 5,699 8,967 1,782 122,888 69,019 53,869 11,003 4,046 6,957 1,996 758 1,238
40-50. 101,129 55,946 45,1838 2,819 1,710 1,109 © 80,470 = 48,710 81,760 16,779 4,098 11,786 1,061 538 528
50-60... 62,775 = 88,651 «29,124 1,410 ‘881. 520 42,874 «27,267 15,607 17,613 5,125 12,488 878 378 500
GO &over .. 54,707 26,054 28,658 1,165 795 870 30,862 ——*19,828 11,089 21,984 5,084 16,900 696 352 B44
2. Brdhmante 36,308 18,467 17,841 15,110 8,335 «6,775 18,902 9,437 9,465 2,296 = 695 1,601 «wee 8
O-1 1,163 637 526 1,163 637 526 ite * we “a “6 «e eee
15  .. 4,492 2,729 1,763 4,430 2,708 1727 57 26 31 5 Bw wee
5—10 nt 4,314 1,275 8,089 4,064 1,211 2,853 221 64 157 29 we a we oe
W156, 4,621 2,024 2,507 3,072 1,599 1478 «1,508 413 1,095 41 12 ose am
120. 3,914 2,185 1779 «1,857 1,668 189 2,017 459 1,558 40 8 Bi ss ae
20-80 .. 64ll 8,218 8,198 426 419 7 5,778 2,737 8,041 207 Wd so ow ow
80-40 «4,639 2,151 2,488 37 37 . 4,141 2,011 2,180 461 108 858 .. 1. ve
450... 3,357, 28 1,120 20 20 . 2,760 2,027 783 577 190 887 ., «ee
50-00 «2,104 1,888 ‘716 32 82 a 1,617 1185 9 482, 4550 TL BA
GO&over .. 1,293 678 615 9 9 ve 803 515288 481A BAT kee
8, Other Hindus 630,471 323,870 306,601 218,551 128,427 90,124 362,585 180,784 181,801 44,648 12,723 31,925 4,687 1,936 2,751
O-—1 ., 20,804 10,457 = :10,347 = 20,658 +=—10,412 10,246 139 45 94, Too Toe ee
1—5 4, 77,128 89,918 = 87,215 73,850 87,685 = 86,215 3,179 2,278 901 99. 09 se ote
510 ., 76,976 = 88,119 88,857 55,839 81,727 24,112 20,840 6,845 14,495 296 46 250 1 1.
10—15 ++ 77,447 89,884 87,568 37,927 25,812 «12,615 37,863 = 18,449 24,414 1,063 956 107 594 167 427
1520. 59,387 28,908 80,479 14,456 = 12,427 = 2,029 «43,441 «16,082 27,409 1,267 357 910 223 92 131
20-80, : 110,615 58,801 56,814 10,091 7,458 2,088 95,355 44,482 50,923 3,884 1,803 2,521 1,285 558782
3040 «82,228 «945,349 86,879 2,969 1,836 1,188 72,544 41,285 81,809 5,606 1,854 8,752 1,109 424 685
40-50 ., 58,298 = 82,839 25,459 1,668 926 742 46,853 29,182 17,721 9,254 2,498 6,756 523 288 240
* 3060... 35,544 19,108 16,436 574 318 256 «24,146 «15,587 8,550 10,289 2,098 7,201 535 205 330
GO &over .. - 32,044 15,492 16,552 519 881 188 18,225 «12,249 «5,976 12,883 2,651 10,282 417 211 206
