VIL_PART II_AGE AND CIVIL CONDITION BY DISTRICTS_BAGHAT DISTRICT_
POPULATION
UNMARRIED
MARRIED
WIDOWED
DIVORCED
Srl.
Communitics
No.
antl Ages
Persons
Males
Females
Persons
Males
Females
Pergons
Males
Femnlcs
Persons
Males
Females
M:
10
11
12
18
14
15
16
17
1 ALL COM-
90,415
46,043
44,372
33,598
19,833
13,765
51,192
24,923
26,269
5,372
1,231
4,141
253
56
197
MUNITIES-
0_ 1
1,569
754
815
1,558
754
804
11
1_
6,157
2,527
8,630
5,951
2,409
3,452
199
28
171
5_10
8,432
8,451
4,081
7,375
4,065
1,040
141
890
17
10
-15
10,547
4,815
5,782
7,15
8,987
8,828
3,106
825
2,281
126
128
15
20
11,732
6,816
5,416
6,328
4,749
1,579
5,198
1,55+
3,64+
206
18
198
20
80
18,215
10,495
7,720
4,259
8,860
399
13,11
6,418
6,093
831
207
624
30
40
13,354
6,490
6,864
375
800
11,717
5,840
5,877
1,213
336
877
40
50
10,955
5,884
5,121
263
216
%
9,363
5,839
4,02+
1,271
268
1,003
J01
50
60
6,375
8,737
2,638
120
104
16
5,219
3,407
1,812
950
215
735
80 & over
3,079
1,624
1,465
54
54
2,228
1,871
857
751
189
562
Brahmanic
1,381
683
698
529
275
254
794
395
399
58
13
45
8
Hindus
10_15
83
162
3
"
2
0
:
1
8
4
15
20
181
{o8
18
20
30
317
204
118
92
221
112
109
80
40
275
142
133
245
50
60
190
108
@
3
1
169
2
00
2
3
80 & over
85
62
8. Other Hindus
56,664
28,862
27,802
20,691
11,675
9,016
32,702
16,606
16,096
3,128
555
2,573
143
26
0 _
883
438
450
872
433
439
1 _
2,927
1,410
1,517
2,828
1,400
1,428
96
10
38
5_10
6,306
2,261
4,045
5,428
2,167
8,261
867
94
773
106
#
10_15
7,345
2,830
4,515
5,115
2,800
2,815
2,130
527
1,003
15
-20
6,667
8,762
2,905
3,752
2,891
801_
2,759
858
1,901
156
18
148
20
-30
10,178
6,019
4,159
2,246
2,113
183
7,419
3,837
3,582
509
448
30
40
8,696
4,289
4,407
225
181
2
7,898
3,992
3,906
554
1
618
40
-50
7,239
8,981
8,278
122
6,368
3,763
2,605
718
0
4
1
50
-80
4,273
2,756
1,517
59
9
3,565
2,580
085
593
118
475
80 & oyer
2,150
1,141
1,009
1,589
9+5
044
484
14
340
310
3