VU.—PART II._AGE AND CIVIL CONDITION BY DISTRICTS,—BIDAR DISTRICT.

Srl. Communities POPULATION UNMARRIED MARRIED WIDOWED DIVORCED
No. and OO). i eh. SFO ———_A———~,
° “© Gunns Make” Famia Ponas Mla Fama Posue dale Females’ ‘Persons Males Females’ P.M. OF
1 2 8 4 5 6 7 8 * 9 10 nu 2 3 Ow 6 ow oY
1. ALL COM- 1,023,482 525,594 497,888 343,526 198,307 145,219 596,262 300,819 295,443 80,200 25,318 54,882 3,494 1,150 2,344

MUNITIES.
O—1 ., 39,492 18,859 21,188 39,004 ~—:18,188 ~——-20,866. 478 220 258 10 1 9. .
I—5 «121,922 59,655 62,267 114,895 56,468 58,427 6,714 8,057 8.057 313 180sg st) es
510, 92,708 45,827 47,381 64,523 84,412 80,081 27,542 10,641 16,001 62724883 16
10-15. 114,587 61,500 58,027 63,562 40,455 23,107 49,770 20,060 29,101 1,207 «42077848 yay
15-20 «+ 100,442 55,508 44,819 32,967 26,948 6,024 65,766 28,061 87,705 1,589 551 1,088 120 38 $2
20—80 +. 149,911 TA,928 74,988 18,298 14,392 8,906 125,435 58,933 66,502 5,737 1,467 4,270 441 186 305
30-40 «133,680 66,881 66,799 5,307 8,885 1,422 113,770 59,109 54,661 13,884 8,675 10,209 719 212 507
40—50- .. 116,287 60,2838 56,054 2,850 2,094 756 98,399 53,561 44.888 14,355 4,845 10,010 683 233 450
50—60 =... 90,611 49,425 = 41,186 1,267 928 B44 — 68,099 41,618 26,486 20,525 6,640 18,885 720 249 471
60 Gover .. 63,842 83,6838 80,209 853 567 286 40,289 24,955 15,834 21,953 7,886 14,117 747 275 472
2, Brahmanic 22,246 «11,706 10,540 = 8,579 5,203 3,376 «= «12,399 6,179 6,220 1,263 «322s. 5 2 38
Hindus,
ol. 488 267 281 488 257 21, ie re . 7 ~~ - « »
WH5 . 2,128 1,089 1,089 2,058 1,034 1,024 70 5 05, vee ia “HO
5-10 ww 2,103 830 12738 1,805 808 1,002 296 27 269 2 x Goa, we
W-15 ws 2,994" 1,028 1,966 + 1,826 956 870 «1,142 m1 1071 26 1 SS a = L.
15-20. ., 3,009 1,479 1,580 1,159 991 168 1,799 478 1,821 51 10 aia ff
20-80 «, = 4,948 8,058, «1,895 1,039 968 7% 3,749 2,057 1,002 159 a s
80-40 w. 2,794 1,646 15148 157 152 5 2,425 1441 984 = 210 5B Sy 2 2
40-50... 1,634 1,030 604 17 17 a6 1,363 952 411 «= .253 60 198 «1 tvs
5060... 1,221 42-479 7 . a 973 662 B11. 241 108 ae saw,
60 &over .. 927 602 825 23 2% 582 8186 96 = 321 92 299 1 i as
8. Other Hindus. 432,660 222,980 209,770 125,345 75,708 49,637 277,259 136,237 141,022 29,077 10,578 18499 979 367 612
O—1 .. 18,836 9,881 8,955 18,699 9,819 8,880 135 62 13 aa Qe ne
1-5 .. 47,499 28,897 28,582 43,036 = 21,859 21,177 4,201 1,929 2,272 192 ‘109 8.
5-10... 80,331 15,429 14,902 16,602 8,669 7,988 «13,345 6,592 6,758 380 168 212 “4 |) 4
10-15 w. 48,667 27,115 21,552 24,151 16,466 7,685 23,902 10,854 18,518 608 «6295818 Gis 6
1620... 44,497 24,086 = 20,461 11,982 10,584 1,898 31,770 13,185 18,635 697 801306. 48 6B
20-30 .. 51,358 24,120 27,288 5,321 4,285 1,036 44,287 19,819 24,968 1,600 468 1,182 150 48 102
80-40. «64,106 81,723 82,878 = 3,191 2,287 904 56,558 = 28,122 28,486 4,089 1,286 + 2,858 268 88 185
4-50... 59,746 80,789 29,007 1,533 1,109 424 52,663 27,651 25,012 5,363 1,898 8465 187 81 106
50-60... «44,137 23,710 20,427 643 514 129 35,350 20,187 15,218 7,972 2,085 4,987 172 74 98
60 &over .. 23,553 12,285 11,818 187 116 7m 15,048 8,936 6,112 8,174 3,118 5,056 144 65 1
