VII.-PART II.-AGE AND CIVIL CONDITION BY DISTRICTS.-BIDAR DISTRICT.
158
Srl. Communities
No.
and age
POPULATION
Persons Males Females Persons
UNMARRIED
MARRIED
Males Females
Persons Males Females
WIDOWED
Persons Males Females
DIVORCED
P. M. F.
1
2
8
4
5
6
7
8 9
10
11
12
13
14
15
16
17
1. ALL COM-
1,023,482 525,594 497,888 343,526 198,307 145,219 596,262 300,819 295,443 80,200 25,318 54,882 3,494 1,150 2,344
MUNITIES.
0-1
1-5
5-10
10-15
15-20
:::::
61,500
55,593
39,492 18,359 21,133 39,004
121,922 59,655 62,267 114,895
92,708 45,827 47,381 64,523
114,587
53,027 63,562
.. 100,442
18,138 20,866
478
220
258
10
1
9
56,468 58,427
34,442
6,714
30,081 27,542
40,155
23,107 49,770
3,057 3,637
10,641 16,901
20,669 29,101
313
130
183
627
244
383 16
16
1,207
429
44,8-19 32,967
26,9-18
6,024 65,766
28,061 37,705
1,589
551
778 48
1,038 120
7
41
38
82
20-30
30-40
149,911
133,680
74,928
74,988 18,298
14,392
3,906 125,435
66,881 66,799
5,307
3,885
1,422
40-50
.. 116,287
60,233
56,054
2,850
2,094
756
50-60
90,611
49,425
"
41,186
1,267
.928
344
60 & over
2. Brahmanic
63,842
33,688 30,209
853
567
286
113,770
98,399
68,099
40,289
58,933 66,502 5,737
59,109 51,661 13,884
53,561 44,838 14,355
41.613 26,486 20,525
24,955 15,331 21,953
1,467
4,270 441
3,675 10,209 719 212 507
4,345 10,010 683 233 450
6,640 18,885 720 249 471
7,836 14,117 747 275 472
136 305
22,246
11,706
10,540
8,579
5,203
3,376
12,399
6,179 6,220 1,263
322
941
5 2 3
Hindus.
0-1
1-5
488
257
231
5-10
10-15
15-20
20-30
30-40
40-50
50-60
60 & over
:::::
:::::
488
257
281
:
2,128
1,039
1,089
2,058
1,034
1,024
70
5
65
2,103
880
1,278
1,805
803
1,002
296
27
269
2
2
2,994
1,028
1,966
1,826
956
870
1,142
71 1,071
26
1
25
3,009
1,479
1,530
1,159
991
168
1,799
478
1,321
51
10
41
:::::
:::::
:::::
4,948
8,053
1,895
1,039
963
76
3,749
2,057
1,692
159
83
126
2,794
1,646
1,148
157
152
5
2,425
1,441
984
210
53
157
1,634
1,030
604
17
17
1,363
952
411
253
1,221
742
479
7
927
602
825
23
7
28
:::
60
193
121
2
1
2
973
662
311
241
73
168
582
8486
96
321
92 229 11
:;:
8. Other Hindus. 432,660
222,980 209,770 125,345
75,708
49,637 277,259 136,237 141,022 29,077 10,578 18,499 979 367
612
0-1
15
5-10
10-15
15-20
20-30
30-40
40-50
:::::
50-60
60 & over
:::::
18,836
9,881
47,429 23,897
80,331 15,429
48,667 27,115
44,497 24,086
51,358 24,120 27,288
64,106 31,728
59,746 30,789
44,137
23,553
8,055 18,699
23,532 43,036
14,902 16,602
21,552 24,151
20,461 11,982
9,819
21,859
8,669
16,466
10,584
8,880
21,177
7,988
7,685 23,902
1,398 31,770
135
4,201
13,345
62
73
2
2
1,929
6,592
10,354 13,518
2,272
192
109
83
..
6,758
380
168
212
4
608
295
313
6
13,135 18,635
697
301
396 48
16
5,321
4,285
32,878
3,191
2,287
29,007
1,533
1,109
23,710 20,427
643
514
12,285
11,318
187
116
71
1,036 44,287
904 56,558
424 52,663
129 35,350
15,048
19,819 24,968
1,600
468
1,182 150
48
102
28,122 28,436 4,089 1,286 2,853 268
27,651 25,012 5,363 1,898 3,465 187
20,137 15,213 7,972 2,985 4,987 172
8,936 6,112 8,174 3,118
83
185
81
106
74
98
5,056 144 65 79