VII_PART II_AGE AND CIVIL CONDITION BY DISTRICTS,
BIDAR DISTRICT .
SrL:
Communities
POPULATION
UNMARRIED
MARRIED
WIDOWED
DIVORCED
No:
and age
Persons
Males
Females
Persons
Males
Females
Persons
Males
Females
Persons
Males   Females
M:
F
10
12
13
14
15
16
17
1. ALL COM-
1,023,482
525,594
497,888
343,526
198,307
145,219
596,262
300,819 295,443
80,200
25,318   54,882 3,494
MUNITIES:
1,150 2,344
0 _
39,492
18,359
21,133
39,004
18,138
20,866
478
220
258
10
1 5
121,922
59,655
62,267
114,895
56,468
58,427
6,714
8,057
8,057
313
130
188
5 10
92,708
45,327
47,381
64,523
34,42
30,081
27,542
10,041
16,901
627
244
883
10_15
114,587
61,580
53,0127
63,562
40,455
23,107
49,770
20,069
29,101
1,207
429
778
3
"7
4
16
20
100,442
55,598
44,849
32,967
26,948
6,024
65,766
28,061
37,705
1,589
551
1,038
38
20 _ 80
149,911
74,928
74,983
18,298
14,392
3,906
125,435
58,934
66,502
5,737
1,467
4,270
441
186
80
A0
133,680
66,881
60,799
5,307
8,885
1,422
113,770
59,109
54,661
13,884
8,675
10,209
719
212
305
40
50
116,287
60,283
56,054
2,850
2,094
756
98,399
53,567
4'.838
14,355
4,845
10,010
683
233
50
80
90,611
49,425
41,186
1,267
928
311
68,099
41.618
26,186
20,525
6,640
18,885
720
249
3
80 & over
63,842
33,083
80,209
853
567
286
40,289
24,055
15,331
21,953
7,836
14,117
747
275
Brahmanic
22,246
11,706
10,540
8,579
5,203
3,376
12,399
6,179
6,220
1,263
322
941
Hindus:
0 _ 1
488
257
281
488
257
281
1 5
2,128
1,089
1,089
2,058
1,03+
1,024
70
65
8
5 10
2,103
830
1,273
1,805
803
1,002
296
209
10 15
2,994
1,028
1,066
1,826
956
870
1,142
21
1,071
;
25
15
20
3,009
1,470
1,530
1,159
991
168
1,799
478
1,821
18
20
80
4,948
3,058
1,895
1,039
968
78
3,749
2,057
1,602
159
126
80
AO
2,794
1,646
1,148
157
152
2,425
1,441
984
210
157
40
50
1,634
1,030
00+
17
17
1,363
952
411
253
1
193
3
50
80
1,221
742
479
973
662
311
168
80 & over
927
602
825
23
23
582
8486
96
321
229
Other Hindus .
432,660
222,980
209,770
125,345
75,708
49,637
277,259
136,237 141,022
29,077
10,578
18,499
979
367
612
8
18,836
9,881
8,955
18,699
9,819
8,880
135
62
73
47,.429
23,897
28,532
43,036
21,859
21,177
4,201
1,929
2,272
192
109
83
6_10
80,331
16,429
14,902
16,602
8,869
7,938
13,345
6,592
6,758
380
188
212
10 _15
48,667
27,115
21,552
24,151
18,486
7,885
23,902
10,354
18,548
608
295
318
6
6
16
20
44,497
24,086
20,461
11,982
10,584
1,898
31,770
18,185
18,085
697
301
396
48
16
32
20
80
51,358
24,120
27,238
5,321
4,285
1,036
44,287
19,319
24,908
1,600
468
1,132
150
48
102
80
40
64,106
31,728
32,878
3,191
2,287
904
56,558
28,122
28,486
4,089
1,286
2,858
268
185
40
59,746
30,789
29,007
1,533
1,109
424
52,663
27,651
25,012
5,363
1,898
8,485
187
1
106
50 _60
44,137
28,710
20,427
643
514
129
35,350
20,137
15,218
7,972
2,085
4,987
80 & over
23,553
12,235
11,818
187
116
15,048
8,936
6,112
8,174
3,118
5,056
1
65
98