VII.-PART II-AGE AND CIVIL CONDITION BY DISTRICTS.-BIR DISTRICT.
Srl. ommunities
No.
and Age
POPULATION
UNMARRIED
MARRIED
WIDOWED
DIVORCED
Persons
Males
Females
Persons Males Females
Persons
1
2
8
4
5
6
7
8
9
10
Males Females Persons
11
Males Females
P.
M.
F.
12
13
14
15
16
17
1. ALL COM-
MUNITIES.
0-1
1-5
5-10
10-15
15-20
20-30
80-40
40-50
::: :::
713,630 367,795
10,941
21,395
84,416 44,692
345,835 264,843 150,795 114,048 385,787 194,793 190,994 58,526 20,344 38,182 4,474 1,863 2,611
10,454
21,064
10,868
10,196
304
71
283
26
2
24
1
1
39,724
81,789
43,648
38,141
2,448
989 1,459
178
55
128
1
1
81,978
42,039
39,939
59,492
34,758
24,734
22,138
7,142 14,996
330
139
191
18
18
86,067.
41,719
44,348
46,326
28,852
17,974
38,915
13,169 25,746
714
178
536 112
20
92
77,519
82,741
44,778
29,042
18,112
15,980
47,265
19,266 27,999
1,011
307
704
201
56
145
123,900
67,407
56,493
15,790
10,880
4,910
103,865
55,113 48,752
90,616
48,229
42,887
6,530
5,205
1,325
74,338
62,441 85,884
26,557
3,253
2,775
50-60
47,664
24,617
28,047
1,015
808
207
60 & over
37,634
19,526
18,108
542
389
158
478 46,548
30,454
19,512
3,521
8,943
39,482 34,906
28,830 17,718 11,836
18,569 11,885 15,423
7,300 16,544
12,212
1,212
2,309 724
202
522
3,202 5,741 805 890 415
804 373
3,906 7,930
431
3-16 426
772
4,894 10,529
476 560
6,449 10,095 1,036
2. Brahmanic
25,970
13,624
12,346
9,482
5,482
4,000
14,838
7,455
7,383 1,607
661
946 43 26 17
Hindus.
- 0-1
1-5
5-10
10-15
15-20
:::::
1,037
536
501
1,037
586
501
.
4,310
2,292
2,018
4,280
2,272
2,008
30
20
10
::
2,346
1,074
1,272
1,586
931
655
759
142
617
1
1
2,338
897
1,141
1,128
631
497
1.208
264
944
2
2
142
::::
2,903
1,220
1,683
791
524
267
2,089
691
1,898
22
5
17
20-30
80-40
40-50
5,360
2,718
2,642
492
423
69
4,708
2,247
2,461
154
45
109
50-60
60 & over
:::::
2,705
1,785
920
86
86
2,296
1,587
709
318
108
210
1,980
1,271
709
40
39
1
1,559
1,066
493
368
157
211
13
1,614
1,377
959
655
30
28
2
1,230
768
462
344
156
188
10
872
505
12
12
959
670
289
398
187
211
4468
65308
3
8
4
1
9
4
7
8
3
5
8. Other Hindus. 451,696 232,914 218,782 169,920
96,748
73,172
243,368 122,092 121,276 35,787 12,975 22,812 2,621 1,099 1,522
0-1
12,378
6,459
5,919
12,201
6,408
5,798
1-5
48,763
27,121
21,642
47,084
26,417
20,667
174
1,617
56
118
3
662
955
62
42
20
5-10
53,152
27,220
25,932
37,367
22,193
15,674
15,051
4,904 10,147
224
128
101
10
10.
10-15
57,439
26,935
30,504
31,501
18,110
13,391
25,320
8,668 16,652
553
149
404
65
8
57
15-20
51,363
20,619
80,744
21,324
8,012
12,712
29,325
11,765 17,560
641
218
428
73
29
44-
20-80
77,330
42,857
34,973
11,094
7,266
3,828
64,334
34,354 29,980
1,630
648
982
272
89 188.
30-40
60,060
32,884
27,226
5,101
4,391
710
48,349
25,936 22,413
6,086
2,245
3,841
262
524
262
40-50
39,954
28,160
16,794
2,694
2,481
213
29,128
17,920 11,208
7,636
2,585
5,101
224
496
272
50-60
29,076
14,963
14,118
719
628
18,491
91
11,015 7,476 9,361
3,087
6,274 505
283
272
60 & over
22,181
11,246
10,935
335
247
83
11,579.
6,812
4,767
9,591
3,933
5,658 676
254
422