yIt-PART II—AGE AND CIVIL CONDITION BY DISTRICTS.—BIR DISTRICT.
Srl. ommunities
No. and Age POPULATION UNMARRIED MARRIED WIDOWED DIVORCED
—_—_—_— eS oO een Oe c—_—_
Scum Make Females “Persons Males Females Persons = Te Toe Mas Foe ES
1 2 8 4 5 6 7 8 9 10 n 12 13 “uw 1 6 W
1. ALL COM: 713,630 367,795 345,835 264,843 150,795 114,048 385,787 194,793 190,994 58,526 20,344 38,182 4,474 1,863 2,611
MUN) j
0 1 es (21,395 10,941 10,454 21,064 10,868 10,196 304 1 288 26 2 4 1. 1
1—5 Tl 84,416 = 44,692 89,724 81,789 43,648 38,141 2,448 989 1,459 178 55 128 be 1
5—10 «+ 81,978 42,089 89,089 59,492 84,758 24,784 22,138 7,142 14,996 330 189 iol #18 ~.. 18
10218 1, 86,067" 41,719 44,848 46,326 28,352 «17,974 38,915 18,160 25,748 714 «'178-—~Ss«BBGCZ-« OOD
13201, 77,B19 «82,741 44,778 29,042 T8112 15,980 47,265 19,260 27,099 1,011 807, 704-2010 5G 145,
20—30 .. 123,900 67,407 56,498 15,790 10,880 4,910 103,865 55,118 48,752 3,521 1,212 2,800 724 202 522
3040 «© 1,««90,616 «= 48,220 © 42,887 6,530 5,205 1'325 74,338 «39,482 94,000 8,943 8.208 5,741 805 890 415
050. «62 ASL (85,884 «= 26,557 3,253 2,775 are «46,548 «28,880 17,718 11,836 8,006. 7,980 804 375 45%
50060. «47,664 «= 4,617 28,047 1,015 808 ore «307454 «18,569 11,885 15,423 4,804 10,520 72 816 A8
60 &over .. 37,634 19,526 18,108 542 389 158 «=: 19,512 12,212 7,800 16,544 6,449 10,095 1,036 476 560
2, Brahmanic 25,970 13,624 12,346 9,482 5,482 4,000 14,838 7,455 «7,383 (1,607 661946 43 260 «17s
‘Hindus.
~0-1  « 1,037 5360 «SOL 1,037 586 501 ss ws ea od te one no te | A S
15». 4,310 2,292 2,018 4,280 2,272 2,008 30 20 Cee es ne ee
Bo «. 2,346 1,074 1272 1,586 ‘981 655 759 142 «617 1 1 we Te my) ue
w-15 +. 2,338 ‘897 YAst 1,128 681 407 -1.208 264 «O44 2 2 os be ees oe
1520... ~—2,908 1,220 1,688 791 524 267 2,089 691 1,898 22 5 wool. 1
20-30 «. 5,360 2,718 2,642 492 428 69 = 4,708 2247 2,461 «154 45 109 6 8 8
Bo40 «25705 1,785 ‘920 86 86 ‘ 2,296 v’ss7'709='«:« 318 108-210 BD
4—50 +. ~—«,980 1271 709 40 39 1 1,559 Voce «= 408 368sST ML 1S
5060 «w= 1614 ‘959 655 30 28 2 1,230 78 40 «462—i“‘izkz}€86C CBC
0 &over .. 1,377 872 505 12 12 or 959 om) os9'—si398—:—‘zST:C:tiaL( COC
8, Other Hindus. 451,696 232,914 218,782 169,920 96,748 73,172 243,368 122,092 121,276 35,787 12,975 22,812 2,621 1,099 1,522
o-1 .. 12,378 6,459 5,919 12,201 6,408 5,798 174 56118 @ ts a
$25 1 48-763 «27,121,642 47,084 26,417 20,007 1,617 662 (955 62 42 20 i. sb 3
B10, «53,152 «27,220 «25,982 37,367 92,198 15,674 + 15,051 4,004 10,147 224 128 101 10 .. 10
tele 1. «B7,439 «—«-26,985 80,504 31,501 18,110 18,891 25,320 8068 16,052 553 149 404 65 (8 57
15-200, «51,363 20,619 80,744 21,324 812 12,712, 29,325 11,765 17,500 OA 218 «428 «7320 4
20-80 .. 77,330 42,857 «84,978 11,004 7,266 5,928 64,334 © 84,854 20,980 1,630 648-082-272 8D TAB.
30nd = .,««60,060 «= «82,884 = 27,226 5,101 4,391 ee) 48,349 «—«-25°080 22,413 6,086 2,245 3,841 524 262 202
O01, 39,954 «28,160 16,704 2,694 2,481 318-2928 «17,920 11,208 7,636 2,585 5,101 496-224-378
50-60 ., 29,076 14,968 = 14,118 719 628 O1 «18,491 «—«1,015. 7476 «9,361 «8,087 6,274 505 288 270
60 &over ., 22,181 11,246 10,985 335 247 $s 11579 . 6,812 4,767 9,591 8,083 5,058 676 254 422:
