TABLE VII.
Age, Sex and Civil Condition Part II. Districts.
TABLE VII.
AGE, SEX & CIVIL CONDITION.
68
POPULATION
UNMARRIED
MARRIED
WIDOWED
District
Religion and Age
Males
Females
Persons
Males
Females
Personis
Males
Feniles
Persones
Males
Females
G
10
11
12
13
All Religions
633,690
325,396
308,294
230,556
132,962
97,594
343,495
172,441
171,054
59,639
19,993
39,646
D-1
19,016
8,73
10,293
18,600
8,637
408
H2
87,687
+1,083
11,307
80,040
40,814
7,226
1,000
421
261
137
10
72,752
31,108
54,890
21,382
17,257
4,770
12.187
605
299
10 13
69.249
37,106
39,523
27,03
12,480
28.695
1.0.31
281
13 20
55,340
26,342
28,
13,845
10,152
39,830
13,712
21,088
1,665
118
1.217
20-30
112,818
3,137
50,781
13,882
51,480
4,112
92,021
11.214
47,807
6.915
2,3
4.5:12
30
10
88,834
146,245
6,183
3,439
2,741
71,279
39,429
32,250
11,372
31,777
7,55
61,812
1,030
2,336
871
1,163
46.494
29,050
17,444
12,982
4,129
8,853
50-60
38,885
16,341
891
410
481
25,307
17,84
7,32
12,687
4.117
8,5M)
60 and over
27,297
14,628
12,619
366
236
130
14,978
10,188
4,700
11,953
4,255
Hindu (Brahmanic)
473,445
243,844
229,601
168,782
97,650
71,132
258,198
129,434
128,764
46,465
16,760
29,705
0-1
13,960
6,171
7,78
1--3
63,382
29,213
13.707
57,062
6,145
27,7
7,002
210,000
251
6.003
67
1,232
181
2
4,751
317
5-10
53,522
23,031
40,160
24,105
15,255
12.895
3,300
1,395
467
181
10-15
50,548
26,711
23,837
28.140
19,218
21,544
7,2:3
11,30
864
609
15-20
42,075
20,170
21,90
10,279
7,708
2,371
30,394
לואו,שר
18,27
1,402
1,1×17
20-30
86,521
43,198
11,250
3,620)
69.548
5,723
2.101
30-40
67.939
33,078
31,961
5.343
3,098
2,245
53,426
9,170
11,287
10-30
46,775
26,196
20,379
1,833
742
1,091
34,905
21,09
12,000
10,037
3,435
6,582
50-40
28,172
16,439
11,7:5
731
3)
17,860
12,738
5,1:22
9,581
6,220
60 and over
20,551
11,147
277
198
799
11,372
3,781
8,902
3,301
Adi Hindu
95,051
47,701
47,350
34,594
19,388
15,206
53,126
26,704
26,422
7,331
1,609
5,722
0
3,140
1,517
1,2
3,029
1,508
1,321
109
N
101
2
1
I-3
14,507
7,2:10
7.277
13,766
7,106
6,660
727
122
605
14
2
5-10
10,901
5,378
5,523
7.858
4,33
3,495
2,998
1,005
1,993
45
10
10-15
15-20
20-30
11,632
6,170)
5,142
6,719
4,699
2,020
4,850
1,753
3,095
63
16
7,811
4,455
1,503
961
512
6,180
33,822
128
15,470
7,038
8,132
1,008
558
430
13,900
6,128
7,372
562
410
30-40
12,439
4,003
6,438
374
102
272
10,875
5,661
5,214
1,190
952
40-50
8,881
1,7:17
4,144
216
163
6.904
22,515
1,761
50-60
6,258
3,883
78
53
4.461
3,170
991
1,719
1,331
60 and over
4,012
2,001
1,021
43
30
2,122
1,008
514
1,847
470
1,877
Bir