AGE AND CIVIL CONDITION BY DISTRICTS_BIR DISTRICT.
VII _PART II 
MARRIED
WIDOWED
DIVORCED
Srl -
ommunities
POPULATION
UNMARRIED
No.
Age
Males
Females
Persons
Males
Females
P.
M:
F.
Males
Females
Persons
Persons
Males
Females
Persons
10
11
12
13
i4
15
16
17
385,787
194,793 190,994
58,526
20,344
38,182 4,474 1,863 2,611
ALL COM:
713,630
367,795
345,835
264,843
150,795
114,048
26
24
MUNITIES.
10,454
21,064
10,808
10,196
304
988
1,258
178
55
128
0_ 1
21,395
10,892
30,724
81,789
43,648
38,141
22
7,142
14,996
330
139
191
4
3
1  6
81,378
42,039
89,039
59,492
34,758
24,784
38,915
18,169
25,746
714
178
536
"58
-10
81
41,710
4,348
46,326
28,352
17,974
47,265
19,260
27,999
1,011
807
704
10
-15
86,067
,741
44,778
29,042
18,112
15,930
16
20
77,519
82,3
55,113
48,752
3,521
1,212
2,309
724
202
522
56,493
15,790
10,880
4,910
103,865
89,482
84,906
8,943
8,202
5,741
805
890
20
80
123,900
68,207
42,887
6,530
5,205
1,825
74,338
28,830
17,718
11,836
3,906
7,930
804
373
3
80
AO
90,616
88,830
26,557
3,253
2,775
478
38,558
18,569
11,885
15,423
4,894
10,520
772
340
40
550
62,441
23,0+7
1,015
808
207
12,212
7,300
16,544
6,449
10,005 1,036
476
560
50
-80
47,664
24,617
389
158
19,512
80 & over
37,634
19,526
18,108
7,455
7,383
1,607
661
946
43
26
17
25,970
13,624
12,346
9,482
5,482
4,000
14,838
6
2. Brahmanic
Hindus.
1,037
536
501
1,037
586
508
30
20
10
0 = 1
4,310
2,292
2,018
,280
2,272
759
142
617
{10
2,346
1,074
1,272
1,586
881
407
1.208
264
94+
4
17
10_15
2,338
1,41
1738
524
267
2,089
091
1,808
15
220
2,903
1,220
1,688
154
45
109
492
428
09
4,708
2,247
2,408
318
108
210
20
-80
5,360
3,788
2,020
86
86
2,296
1,587
408
368
157
211
1
9
80
40
2,705
178i
709
2
1,559
1,966
462
344
156
188
8
40
50
{980
950
655
2
2
1339
670
289
398
187
211
50 _ 80
872
505
60 & over
1,377
243,368
122,092 121,276  35,787
12,975 22,812 2,621 1,099 1,522
451,696
232,914
218,782
169,920
96,748
73,172
8. Other Hindug .
174
56
118
12,378
6,459
12,201
6,408
6,388
1,617
662
955
62
42
20
10
23
48,763
27,121
21,642
47,084
26,417
38,667
15,051
4,004
10,147
224
128
101
57
5 10
53,152
27,220
25,932
37,867
18,180
18,391
25,320
8,688
16,052
553
149
404
0
28
44:
57,439
26,985
80,504
31,501
12,712
29,325
17,500
641
218
428
10_15
51,363
20,619
80,744
21,324
8,612
188
16_20
64,334
3+,854
29,980
1,630
048
982
272
89
77,330
42,857
34,978
11,094
7,266
8,828
48,349
25,936
22,418
6,086
2,245
3,841
524
262
262
20
80
60,060
82,884
27,220
5,101
4,891
218
29,128
17,020
11,208
7,636
2,585
5,101
496
224
272
80_40
28.160
16,794
2,694
2,481
18,491
7,476
9,361
8,087
6,274
505
288
272
40
-50
39,076
14,963
14,118
'719
628
91
11,579
6,812
4,767
9,591
8,038
5,658
676
254
422;
50 _80
11,246
10,035
335
247
83
60 & over
22,181
and
542
855
8
897
5,919
11,765
11,015