SUBSIDIARY TABLE 1.-Age distribution of 1,000 of each sex at each of the last three censuses.
*1901.
1891.
1881.
Males.
Females.
Males
Feinales.
Males.
Females.
2
5
6
7
28
20
20
28
1-2
8
20
13
17
20
33-
14
19
3-4
18
25
26
35
18
25
21
27
23
29
19
24
TOTAL 0-5
-95
188
111
146
84
118
5-10
10-15
112
139
115
139
111
142
**
119
129
94
99
113
117
TOTAL 0-15
826
891
320
884
808
872
15-20
*20-25
25-30
30-35
35-40
97
.96
99
103-
115
110
101
104
109
112
114
118
_122
109
128
110
131
118
$107
84
$103
82
108
85
- 79
54
77
54
78
54
TOTAL 15-
5.06
447
516
461
546
485
40-45-
45-50
.50-55
64
58
61
53
58
48
85
28
36
27
31
26
82
35
31
33
28
29
55-60
18
18
11
10,
10
TOTAL
40-60
144"
189
141
.194
- 197
118
60 and over
24"
83
23
31'
19
30
TOTAL
1,000
1,000
1,000
1,000
1,000.
1,000
Mean Age
25
23
24
23
24
23