Sex end Civil Condition
Eagtern
Division:
A`~Total Population:
PorVLATION
UvMARRIED.
AGE;
Pergong;
Maleb:
Femaleg.
Persons;
Males:
Femaleg:
2
3
5
0_1
33,317
14,919
17,298
32,317
14,919
17,298
17
30,401
14,637
15,764
30,401
14,637,
15,764
243
34,733
16,711
18,022
34,733
16,711
18,022,
34
38,168
18,347
19,811
38,156
18,347
19,809
4-5
34,000
16,610
17.390
33,993
16,610
17,383
Total 0  5
169,509
81,234
88,285
169,500
81,224
88,376
5 _10
166,745
83,669
83,076
166,055
83,520
82,535
10_15
160,630
79,166
71,464
141,016
77,724
63,292
15  20
116,695
57,993
58,602
07,163
45,926
21,237
20_25
111,950
53,002
68,948
37,236
21,500
5,736
25  30
130,078
59,814
60,262 _
12,137
9,684
2,4443
30   35
95,124
49,257
45,867
3,554
2,604
950
35 40
86,869
47,873
37,996
1,865
1,219
636
4045
86,459
36,018
30,441
1,141
625
486
45  50
53,330
29,353
23,977
873
342
330_
50 55
45,010
23,755
21,204
586
281
304
55   60
36,936
14,278
12,648
395
169
136
60 and over
63,334
25.693
27,631
876
263
412
Totel
(1,261,658
641,095
620,401
591,844
336,071
200,773
Age;