VII
~PART II
-AGE, AND CIVIL CONDITION BY DISTRICTS _
~GULBARGA DISTRICT.
g2,
Communitie8
POPULATION
UNMARRIED
MARRIED
WIDOWED
No:
and
DIVORCED
Pergona
Males
Females
Persons
Maleg
Females
Pergons
Males
Females
Persons
Males
Females
F.
10
11
12
18
14
15
16
17
ALL COM-
1,312,055
669,152
642,903
478,953
273,802
205,151
711,017
362,301 348,716 117,271
31,116
86,155
MUNITIES:
4,814 1,933 2,881
0 _
40,993
20,123
20,870
39,786
19,701
20,085
1,104
403
701
103
19
1_ 5
159,613
78,825
80,788
152,236
76,207
76,029
6,655
2,521
4,134
722
97
625
5 10
149,808
74,945
74,808
112,281
61,440
50,841
36,882
13,870
23,506
645
120
510
10_15.
148,953
72,780
70,223
91,756
51,992
764
56,095
20,623
85,572
1,102
215
887
16
20
133,388
89,479
08,909
41,100
30,487
J10,618
90,560
88,479
52,081
1,695
501
1,191
33
12
21
20 _80
219,301
119,450
99,851
23,944
20,019
3,025
186,979
97,087
89,042
8,070
2,250
5,814
308
138
170
30 _40
165,124
90,345
74,779
9,445
7,600
1,845
139,981
78,497
61,484
14,648
8,706
10,942 1,050
562
508
40
-50
122,893
62,095
60,798
4,912
8,097
915
92,919
50,807
42,022
23,958
6,700
17,150 1,104
402
50
60
93,703
42,116
51,587
2,103
1,397
706
59,136
88,601
25,585  31,334
6,740
24,594 1,130
878
7
00 & OvCI
78,279
89,044
89,235
1,390
962
428
40,706
20,907
13,739
34,994
10,654
24,340 1,189
461
728
2 . Brahmanlc
29,620
14,991
14,629
12,217
6,293
5,924
16,308
8,163
8,145
1,095
535
560
:
Hindus:
0  _ 1
1,002
448
55 4
1,002
448
554
1_ 6
2,820
1,863
1,457
2,805
1,362
1,448
15
14
6_10
3,216
1.448
1,768
3,007
1,45
1,582
209
206
10_15
3,627
1,18+
2,4443
2,443
1,069
1,874
1,182
118
1,089
16
20
4,843
1,564
8,279
2,163
1,198
005
2,660
802
2,298
28
16
20
80
6,400
4,028
2,872
746
721
25
5,553
8,249
2,304
101
58
48
80_ 40
3,028
2,056
972
23
2,835
1,956
879
170
78
92
40
-50
2,565
1,683
982
4
2,308
1,400
818
251
137
114
50
-60
1,353
727
626
'{
1,032
589
443
304
121
183
60 & ovef
766
540
220
514
400
114
"247
186
112
Other
Hindus
529,327
269,734
259,593
175,571
102,377
73,194
299,166
154,388 144,778
53,180
12,237
40,943 1,410
732
678
8
15,252
7,086
'7,266
14,506
7,777
6,729
682
200
482
64
55
57,295
27,545
29,750
51,832
25,661
26,171
4,854
1,803
3,051
609
81
528
5
-18
67,799
84,129
38,670
47,576
26,745
20,881
19,818
7,800
12,518
405
84
321
10
60,036
81,420
28,616
35,813
101
14,712
23,501
10,193
13,308
722
126
596
16
20
44,543
24,438
20,105
10,081
8,406
1,615
33,500
15,611
17,889
954
355
599
20
30
87,389
48,055
40
78 [
8,030
6,534
1,496
75,203
38,677
30,526
4,024
1,348
2,881
132
101
31
40
68,601
88,162
80,439
3,995
3,093
902
58,325
33,4492
2+,833
5,813
1,308
4,510
468
274
194
3
~50
49,079
23,884
25,895
2,536
2,221
815
36,004
18,430
17,574
10,090
2,502
7,588
281
218
80
43231
18,087
25,194
791
506
285
27,614
14,811
12,803
14,554
2,642
11,912
272
78
194
80 & over
36,,102
17,978
18,124
411
278
138
19,665
18,871
'5,794
15,945
8,792
12,153
81
42
39
Age -
39,7
21 ,