TABLE VII.
Age, Sex and Civil Condition Part II.—Districts.

|  District | Religion and Age | POPULATION |   |   | UNMARRIED |   |   | MARRIED |   |   | WIDOWED  |   |   |
| --- | --- | --- | --- | --- | --- | --- | --- | --- | --- | --- | --- | --- | --- |
|   |   |  Persons | Males | Females | Persons | Males | Females | Persons | Males | Females | Persons | Males | Females  |
|  1 | 2 | 3 | 4 | 5 | 6 | 7 | 8 | 9 | 10 | 11 | 12 | 13 | 14  |
|  Gulbarga | All Religions | 1,225,008 | 621,687 | 603,321 | 438,854 | 255,561 | 183,293 | 657,515 | 332,369 | 325,146 | 128,639 | 33,757 | 94,882  |
|   | 0-1 | 32,923 | 15,376 | 17,547 | 31,650 | 14,598 | 17,052 | 1,214 | 732 | 482 | 59 | 46 | 13  |
|   | 1-5 | 157,873 | 70,617 | 81,256 | 143,308 | 68,194 | 74,814 | 13,699 | 7,757 | 5,912 | 866 | 366 | 500  |
|   | 5-10 | 146,342 | 74,670 | 71,672 | 112,388 | 61,296 | 51,092 | 32,985 | 13,002 | 19,953 | 999 | 372 | 627  |
|   | 10-15 | 129,572 | 68,599 | 60,973 | 78,542 | 50,546 | 27,996 | 49,684 | 17,473 | 32,211 | 1,346 | 580 | 766  |
|   | 15-20 | 104,008 | 51,550 | 52,458 | 26,847 | 22,787 | 4,060 | 74,809 | 27,950 | 46,859 | 2,352 | 813 | 1,539  |
|   | 20-30 | 224,251 | 110,028 | 114,223 | 25,070 | 20,812 | 4,258 | 187,986 | 86,299 | 101,687 | 11,195 | 2,917 | 8,278  |
|   | 30-40 | 175,144 | 92,425 | 82,719 | 8,770 | 6,711 | 2,059 | 143,255 | 80,272 | 62,983 | 23,119 | 5,442 | 17,677  |
|   | 40-50 | 117,657 | 62,710 | 54,947 | 4,870 | 4,018 | 852 | 82,830 | 51,494 | 31,336 | 29,957 | 7,198 | 22,759  |
|   | 50-60 | 76,409 | 39,077 | 37,332 | 4,847 | 4,208 | 639 | 42,767 | 27,145 | 15,322 | 28,795 | 7,424 | 21,371  |
|   | 60 and over | 60,829 | 30,635 | 30,194 | 2,562 | 2,091 | 471 | 28,316 | 19,945 | 8,371 | 29,951 | 8,599 | 21,352  |
|   | Hindu (Brahmanic) | 785,929 | 398,524 | 387,405 | 266,412 | 156,347 | 110,065 | 429,533 | 217,282 | 212,251 | 89,984 | 24,895 | 65,089  |
|   | 0-1 | 20,043 | 91,32 | 10,911 | 19,430 | 8,808 | 10,622 | 582 | 297 | 285 | 31 | 27 | 4  |
|   | 1-5 | 93,752 | 44,750 | 49,002 | 84,985 | 39,599 | 45,386 | 8,086 | 4,815 | 3,271 | 681 | 336 | 315  |
|   | 5-10 | 90,906 | 45,242 | 45,664 | 67,595 | 36,457 | 31,138 | 22,720 | 8,584 | 14,136 | 591 | 201 | 390  |
|   | 10-15 | 82,999 | 43,648 | 39,351 | 48,760 | 31,918 | 16,842 | 33,374 | 11,377 | 21,997 | 865 | 353 | 512  |
|   | 15-20 | 67,441 | 33,452 | 33,989 | 16,316 | 14,311 | 1,975 | 49,522 | 18,562 | 30,960 | 1,603 | 549 | 1,054  |
|   | 20-30 | 143,517 | 71,003 | 72,514 | 15,286 | 13,069 | 2,217 | 120,444 | 55,815 | 64,629 | 7,787 | 2,119 | 5,668  |
|   | 30-40 | 114,954 | 60,645 | 54,309 | 5,562 | 1,503 | 1,059 | 93,200 | 52,108 | 41,092 | 16,192 | 4,034 | 12,158  |
|   | 40-50 | 77,860 | 41,535 | 36,325 | 3,038 | 2,639 | 399 | 53,849 | 33,524 | 20,325 | 20,973 | 5,372 | 15,601  |
|   | 50-60 | 53,476 | 27,790 | 25,686 | 3,874 | 3,630 | 244 | 29,329 | 18,604 | 10,725 | 20,273 | 5,556 | 14,717  |
|   | 60 and over | 40,981 | 21,327 | 19,654 | 1,566 | 1,383 | 183 | 18,427 | 13,596 | 4,831 | 20,988 | 6,348 | 14,640  |
|   | Adi Hindu | 194,810 | 98,250 | 96,560 | 70,621 | 41,045 | 29,576 | 106,008 | 53,141 | 52,867 | 18,181 | 4,064 | 14,117  |
|   | 0-1 | 5,947 | 2,786 | 3,161 | 5,674 | 2,626 | 3,048 | 266 | 153 | 113 | 7 | 7 | 7  |
|   | 1-5 | 29,189 | 14,743 | 14,446 | 26,077 | 13,223 | 12,851 | 3,023 | 1,505 | 1,518 | 89 | 15 | 74  |
|   | 5-10 | 23,992 | 12,898 | 11,094 | 18,085 | 10,580 | 7,505 | 5,701 | 2,228 | 3,473 | 206 | 90 | 116  |
|   | 10-15 | 19,989 | 10,833 | 9,156 | 11,308 | 7,634 | 3,674 | 8,402 | 3,051 | 5,318 | 279 | 145 | 134  |
|   | 15-20 | 14,873 | 7,331 | 7,542 | 3,442 | 2,916 | 526 | 11,104 | 4,298 | 6,806 | 327 | 117 | 210  |
|   | 20-30 | 35,364 | 16,880 | 18,484 | 3,247 | 2,434 | 813 | 30,314 | 14,040 | 16,474 | 1,603 | 406 | 1,107  |
|   | 30-40 | 27,506 | 14,459 | 13,047 | 1,339 | 794 | 545 | 22,803 | 12,988 | 9,815 | 3,364 | 677 | 2,687  |
|   | 40-50 | 18,905 | 9,957 | 8,948 | 867 | 577 | 290 | 13,383 | 8,473 | 5,110 | 4,455 | 907 | 3,548  |
|   | 50-60 | 10,408 | 4,814 | 5,594 | 301 | 126 | 175 | 6,068 | 3,857 | 2,211 | 4,039 | 831 | 3,208  |
|   | 60 and over | 8,637 | 3,540 | 5,088 | 281 | 135 | 146 | 4,544 | 2,545 | 1,999 | 3,812 | 869 | 2,943  |
|   | Muslim | 195,586 | 99,636 | 95,950 | 80,311 | 46,130 | 34,181 | 97,699 | 49,470 | 48,229 | 17,576 | 4,036 | 13,540  |
|   | 0-1 | 5,517 | 2,759 | 2,758 | 5,190 | 2,519 | 2,671 | 308 | 230 | 78 | 19 | 10 | 9  |
|   | 1-5 | 26,877 | 13,248 | 13,029 | 24,822 | 12,015 | 12,777 | 1,971 | 1,190 | 781 | 84 | 13 | 71  |
|   | 5-10 | 24,630 | 12,819 | 11,811 | 20,879 | 10,948 | 9,931 | 3,569 | 1,797 | 1,772 | 182 | 74 | 108  |
|   | 10-15 | 21,270 | 11,308 | 9,962 | 14,902 | 8,868 | 6,034 | 6,202 | 2,370 | 3,832 | 165 | 70 | 96  |
|   | 15-20 | 17,729 | 8,740 | 8,989 | 5,940 | 4,643 | 1,297 | 11,425 | 3,966 | 7,459 | 364 | 131 | 233  |
|   | 20-30 | 36,383 | 17,325 | 19,058 | 5,363 | 4,499 | 864 | 29,466 | 12,512 | 16,954 | 1,554 | 314 | 1,240  |
|   | 30-40 | 26,705 | 14,285 | 12,420 | 1,384 | 1,153 | 231 | 22,212 | 12,511 | 9,701 | 3,109 | 621 | 2,488  |
|   | 40-50 | 16,802 | 9,079 | 7,723 | 752 | 635 | 117 | 12,153 | 7,678 | 4,475 | 3,897 | 766 | 3,131  |
|   | 50-60 | 10,253 | 5,230 | 5,023 | 426 | 289 | 137 | 5,981 | 4,060 | 1,921 | 3,846 | 881 | 2,965  |
|   | 60 and over | 9,420 | 4,843 | 4,377 | 653 | 531 | 122 | 4,412 | 3,156 | 1,256 | 4,355 | 1,156 | 3,199  |