: VII.—PART I1.—AGE, AND CIVIL CONDITION BY DISTRICTS.—GULBARGA DISTRICT.
i UNMARRIED
Soe eee mow arronca
Persons Males. Females Persons © Males Females Persons Males Females “Persons Males Femulas’ P.M WF
- 4 2 FY 4 5 6 7 8 9 10 1 12 18 4 1% ww ow
ALL COM- 1,312,055 669,152 642,903 478,953 273,802 205,151 711,017 362,301 348,716 117,271 31,116 86,155 4,814 1,933 2,981
MUNITIES. ‘
“O—1  .. 40,993 20,128 - 20,870 39,786 19,701 «20,085 +1, 104 408 = OL 103, 19 84
1s «. 159,613 78,825 80,788 152,236 76,207 76,029 * 6,655 2,521 4,134 722 o7 625 |. nls be
B10, 149,808 = 74,945 74,868 112,281 61,440 50,841 36,882 13,876 23,506 645 =e) gp ST
10—15- ., 148,953 72,780 ~=—76,228 «= 91,756 = 51,992 89,764 = 56,095 20,528 85,572 1,102 215 B87 kT
15-20 ., 133,388 69,479 48,009 41,100 30,487 10,618 90,560 "88,479 52,081 1,695 - 501 1,195 “33 “ia “da
20-80. 219,301 119,450 90,851 23,944 20,019 3,025 186,979 97,087" 89,042 8,070 2,256 5,814 308 198 170
BO40 «165,124 90,845 74,779 9,445 7,600 1,845 139,981 78,497 61,484 14,648 8,706 10,942 1,050 512 508
4050 ©. «122,893 62,095 60,798 += 4,912 8,907 915 92,919 50,807 42,022 23,958 g.700 17,150 1,104 402 702
O60. «93,703 «42,116 51,587 2,103 1,897 706 59,136 83,601 25,585 31,334 6,740 24,594 1.130 378 752
GO &over .. 78,279 89,044 89,285 1,390 962 428 40,706 26,907 13,789 34,994 10,654 24340 1.189 461 728
a
2. Brahmanic 29,620 14,991 14,629 12,217 6,293 5,924 16,308 4,163 8,145 1,095 535 HDw“atiws, ~
‘Hindus,
O-1 4. 1,002 448 554 1,002 448 554“ CO ss ‘ a re re << mae eee
1-5 ., 2,820 1,868 1,457 2,805 1,862 1,443 15 1 “wo. os ee SS os me
B10 6. 3,216 8 1,768 3,007 1,445 1,562 209 3 206 |. e . ae ee
. 10-15 3,627 1,184 2,443 (2,443 1,069 1,874 1,182 118 1,069 2 2 . ee a on
15-20 .. 4,843 1564 8,279 2,163 1,198 ‘965 2,660 862 2,208 20 4 oars tere
20-80 .. 6,400 4,028 2,872 746 721 25 5,553 8,249 2,804 101 58 Bonk ces
B0-40 3,028) 2,056 972 23 22 I 2,835. 1,986 «= 879-170 7% ee
40-50, 2,565 1688 982 6 6 ws 2,308 1490 8182518 gs
5060 «1,353 727 626 17 W032 5890448304121 8B OT] ]
60 &over .. 766 540 226 5 6 514 400 14 247 BH gs
8, Other Hindus. 529,327 269,734 259,593 175,571 102,377 73,194 299,166 154,388 144,778 53,180 12,237 40,943 1,410 732 678
% o—1 oe 15,252 7,986 *7,266 14,506 U17T 6,729 682 200 482 64 9 55 oe we oe
“15 ., 57,295 27,545 29,750 51,832 25,661 26,1714, 854 1,803 8,051 609 a
510... 67,799 84,129 88,670 «47,576 +2674 20,881 «19,818 7800 12,518 405 8 88
. lo-15 +» 60,036 81,420 28,616 35,813 21,101 14,712 23,501 10,193 13,808 722 126 506 oe
1520. 44,543 = 24,488 = 20,105 10,081 8,466 1,615 33,500 15,611 17,889 954 855 599 8 6 2
20-30 ., 87,389 46,655 40,784 + —-8,030 6,534 1,496 75,203 88,677 36,526 4,024 1,848 2,681 132 101 81
30-40 «. 68,601 88,162 80,489 += 3,995 8,093 902 58,325 88,492 24,888 5,813 1,808 4,510 468 274 194
4050... 49,079 28,884 = 25,605 2,536,221 B15 36,004 = 18,480 17,574 10,090 2.502 7,588 449 281 218
50-60... 43231=:18,087 25,194 791 506 285 «27,614 += 14,811 12,803 14,554 2,642 11,912 272 78 194
60 & over 36,,102 17,978 18,124 411 278 188 = 19,665 18,871 5,794 15,945 3,702 12,158 81 42 39
