TABLE VII.
Age, Sex and Civil Condition Part II.-Districts.
TABLE VII.
AGE SEX & CIVIL CONDITION
74
POPULATION
UNMARRIED
MARRIED
WIDOWED
District
Religion and Age
Persons
Males
Females
Persons
Miles
Females
Persons
Males
Females
Persons
Mules
Females
'
a
+
9
10
11
12
13
14
Gulbarga
All Religions
1,225,008
621,687
603,321
438,854
255,561
183,293
657,515
332,369
325,146
128,639
33,757
94,882
32,923
15,376
17,547
31,650
1-5
5-10
157,873
81,26
143,308
14.5
68, 194
146,342
74,670
71.672
112,388
61,296
17,032
TI,KI
51,42
1.214
13,699
32,955
10-13
129,572
60,973
78,542
50 300
49,684
7:12
7.357
1:3,002
17,47
482
59
46
13
866
500
19,953
999
3172
627
1,346
580
766
13-20
104.008
الأترات
52,45%
26,847
2,787
4 сниз
74,809
27,830
441,839
2,352
813
20-0
224,251
110,028
111,23
25,070
20,812
4,258
187,986
101,687
11.195
2,917
8,278
10-10
175.144
82,719
8.770
66,711
2,039
143.255
2.983
23.119
5,442
17,677
40-30
117,657
62,710
51.947
4.870
1,018
K52
82,8.30
31,191
31 336
29.957
7,198
50-110
76,409
9,077
37,32
4,847
4.208
639
42,767
27,415
28,795
7.424
21,371
G and over
60,829
30,633
30,191
2.562
2,001
421
28,316
19.115
8,371
29,951
8,509
Hindu (Brahmanic)
785,929
398,524
387,405
266,412
156,347
110,065
429,533
217,282
212,251
89,984
24,895
65,089
0-1
20,043
91,32
10,911
19,430
איאור
10,
1-5
93,752
+1.7.30
$45,002
84.985
582
8,086
207
4,815
2NG
31
27
3,271
681
345
5-10
10 15
13-20
20-30
90,906
67,595
36,457
82,999
43,658
48,760
31,918
31,1:18
16,812
22.720
14,13
591
201
33,374
11.1177
865
333
512
67,441
13,42
16.316
1,975
49,522
18,302
1.603
549
1,054
143,517
71,
72,514
15,286
131,069
2,217
120,444
53,815
61.622
7.787
2,119
30-4
5,668
114,954
51,309
5,562
1.059
93,200
52.108
41,052
16,192
4,034
40 50
12,158
77,860
41,535
3,038
53,849
20.325
20,973
5,372
50-60
15,601
53.476
27,7)
25.6NG
3,874
3.630
211
29,329
18
10,725
20,273
5,556
60 and over
14,717
40,981
19,631
1.566
1,383
18
18,427
13.506
4,831
20,988
6,348
14,60
Adi Hindu
194,810
98,250
96,560
70,621
41,045
29,576
106,008
53,141
52,867
18,181
4,064
14,117
0-1
5,947
2,786
3,161
5,674
2,626
3,048
266
113
7
7.
1-5
5-10
10-15
29.189
14,73
11, Hi
26.077
12,851
3,023
1,505
1,518
89
15
74
23,992
12,808
11,004
18,085
10,580
5,701
206
116
19,989
10,3
0,156
11,308
3,671
8,402
13-20
31,051
5,318
279
145
134
14,873
3,442
2,916
526
11,104
4,998
6,806
327
117
210
20-30
35,364
16,880
IN, INI
3,247
2,44
30,514
14,010
16.474
1,603
406
30-10
1,1117
27.506
14,439
13.047
1,339
71
645
22,803
12,984
9,815
3,364
677
40-50
2,67
18,905
9,957
8,048
867
577
2010
13,583
8,473
5,110
4,455
HIT
3,518
50-60
10,408
4,814
5,391
301
126
175
6,068
3,857
2.211
4,039
8:30
3,208
GO and over
8,637
3,519
5,088
281
135
146
4,544
2,545
1,099
3,812
869
2,913
Muslim..
195,586
99,636
95,950
80,311
46,130
34,181
97,699
49,470
48,229
17,576
4,036
13,540
0-1
5,517
2,750
2,758
5.190
2,519
2,071
308
210
78
19
10
9
1-0
5-10
10-13
15-20..
20-30
26.877
13,218
13,629
24,822
12,015
12,777
1,971
1,19)
781
84
13
71
24,630
32,819
11,811
20,879
10.118
9,931
3,569
1,797
1,772
182
2-4
108
21.270
11,308
9,962
14.902
8,8GH
6,031
6,202
2,370
165
20
96
17.729
8,7.)
8,989
3,940
4,643
1,207
11.425
7,439
364
131
233
36,383
17,25
19,058
5.363
4,499
864
29,466
12,512
19,10,1
1,554
314
1,240
30-40
26.705
14,1283
12,120
1.384
1,153
22,212
12,511
9,701
3,109
621
2,488
10-50
16,802
9,079
7,723
752
4:35
117
12,153
50-00..
7,678
4,175
3,897
760
3,131
10,253
5,20
5,023
426
289
1:17
3,981
4,000
60 and over
3,846
881
2,065
9.420
4,843
4,577
653
531
4,412
3,156
1,256
4,355
1,150
3.199