VII. PART II.-AGE, AND CIVIL CONDITION BY DISTRICTS.-GULBARGA DISTRICT.
Srl.
Communities
POPULATION
UNMARRIED
MARRIED
WIDOWED
DIVORCED
No.
and Age
Persons
Males Females Persons
Males Females Persons Males Females Persons Males Females P. M. F.
3
5
6
7
8
9
10
11
12
18
14
15
16
17
ALL COM-
MUNITIES.
0-1
1-5
5-10
10-15.
15-20
:::::
159,613
149,808
78,825 80,788
39,786 19,701 20,085
152,236
1,312,055 669,152 642,903 478,953 273,802 205,151 711,017 362,301 348,716 117,271 31,116 86,155 4,814 1,933 2,881
40,993 20,123 20,870
1,104
403
701
103
19
84
76,207 76,029
74,945 74,868
112,281
61,440
148,953
72,730
76,223
91,756
51,992
133,388
69,479
63,909
41,100
30,487
6,655
2,521 4,134
50,841 36,882 13,876 28,506
39,764 56,095 20,523 85,572
10,618 90,560
88,479 52,081
722
97
625
645
129
516
1,102
215
1,695
- 501
887
1,194 33
20-80
30-40
40-50
50-60
60 & over
:::::
.. 219,301
119,450
09,851
23,944
20,019
3,925
186,979
97,037 89,942 8,070
2,256
5,814 308
165,124
21
138 170
90,845
74,779
9,445
7,600
1,845
139,981
78,497 61,484 14,648
8,706
10,942 1,050
5-12 508
..
122,893
62,095
60,798
4,912
3,997
915
92,919
50,897 42,022 23,958
6,799
17,159 1,104
402 702
93,703
42,116
51,587
2,103
1,397
706
59,136
78,279
89,044
89,235
1,390
962
428
40,706
33,601 25,585 31,334
26,967 13,739 34,994
6,740
24,594 1,130
378 752
10,654
24,340 1,189
461
728
2. Brahmanic
29,620
14,991
14,629
12,217
6,293
5,924
16,308
8,163
8,145 1,095
535
560
Hindus.
0-1
1-5
5-10
10-15
15-20
20-30
80-40
40-50
50-60
60 & over
8. Other Hindus. 529,327
0-1
1-5-
:::::::::
1,002
448
551
1,002
448
554
2,820
1,363
1,457
2,805
1,362
1,443
15
1
14
3,216
1,448
1,768
3,007
1,445
1,562
209
3
206
:::
:::
3,627
1,184
2,443
2,443
1,069
1,874
1,182
118
1,069
2
4,843
1,564
3,279
2,163
1,198
965
2,660
862
2,298
20
16
:::::
146
: : : : 5 និឌ : : : : : :
6,400
4,028
2,872
746
3,028
2,056
972
2,565
1,683
982
1,353
766
727
540
626
226
42675
721
25
5,553
3,249 2,304
101
58
43
23
22
1
2,835
1,956
879
170
78
92
6
2,308
17
17
5
:::
1,490
818
251
187
114
1,032
589
443
304
121
183
514
400
114 *247
185
112
:::::
269,734 259,593 175,571 102,377
73,194 299,166 154,388 144,778 53,180 12,237 40,943 1,410
732 678
5-10
10-15
15-20
15,252
57,295
7,986
27,545
67,799
60,036
7,266 14,506
29,750 51,832
34,129 33,670 47,576
$1,420 28,616 35,813
44,543 24,488 20,105 10,081
7,777
25,661
26,745
21,101
8,466
6,729
682
26,171 4,854
20,881 19,818
14,712 23,501
1,615 33,500
200
1,803
482
64
9
55
3,051
609
81
528
7,800 12,518
405
84
321
10,193 13,308
722
126
596
15,611 17,889
954
355
599
87,389
46,655
40,73-4
8,030
6,534
1,496
68,601
38,162
30,439
3,995
3,093
902
49,079
23,384 25,695
2,536
2,221
315
75,203
58,325
36,004
43231
18,087
25,194
791
506
285
27,614
36,,102
17,978
18,124
411
273
138
19,665
38,677 36,526 4,024
132
33,492 24,833 5,813 1,308 4,510 468
18,430 17,574 10,090 2,502 7,588 449
14,811 12,803 14,554 2,642 11,912 272
13,871 ,5,794 15,945 3,792 12,153 81
1,343
2,681
101
274
281 218
78 194
42
: : : : “ឥដ្ឋដ្ឋន
31
194
39
::::
::::
20-30
30-40
40-50
50-60
60 & over