30
TABLE VII.
AGE, SEX AND CIVIL CONDITION.
A-All Religions.
UNMARRIED.
POPULATION.
MARRIED.
WIDOWED.
AGE.
Persous. Males. Females,
Persons. Males. Females. Persons. Males. Females.
Persons.
Males.
Females.
10
}
12
13
2-3
3.
175,786 $5,577
236,893 115,495 121,398
323,459 155,863 167,596
286,702 136,803 149,899
90,209
174,225 85,051 89,174
235,271 114,609 120,572
1,467, 509
958)
94
17
77
1,490, 763
727
132
33
99
318,976 14,163
164,813
4,218
1,630
2,588
265
70
195
1--
[Total 0-5 1,355,667–658,857
10 1,452,854 755,963
10-15 1,350,321 733,500
15-20 852,389: 428,409
20-25 894,027 405,798
25-30 1,051,503 523,613
332.827
165,119*
423,980
488,220
527,890
30-35 1,072,228 538.sts
533,408
35-40
628,589 342,613
285,976
280,508 134,746
167,708 322.903 162,116
696,810 1,331,881 650,775
696,891 |1,289,714' 725,002
610,812 879,907 633,738
319,500 270,156
161,074 131,285
127,057 $76,512
77,341 10,3:30
39,074 19,244
145,760
5,868
1,982
3,886
328
76
253
160,757
9.101 2,821
6,280
823
182
641
681,106
d
22,144 7,705
564,622 153,161 28,691
246,169 443,034 98,576
49,344
502,285 150,145
26,789 682,340 - 252,674
50,515 844,478|| 425,666
37,011 869,499 470,5066
19,830
491,882 301,284
14,439
1,642
377
1,265
124,470 9,979
2,180
7,799
344,458 27,380
352,140 30,604
422,666 50,613 11,839 38,774
418,812 79,968 21,405 68,063
7,195
20,185
8,108 22,496
398,993 125,386|
27,982 97,404
190,598 97,633|
22,085 75,548
40--15
818,675 | 425,758 |
392,022
33,61620,963
43-50
357,058 200,814 ·
i
50-55
55-60
138,244 13,097 8,461
568,550 289,341 270,209 16,361 10,586
12,653 579,819 366,990
4,636 246,293 169,334
5,775 328,319 233,902
212,829 205,240
76,959
94,417 223,870
60 & over
168,158' 93,094 75,064
570,951 271,002 299,949 15,862
6,938
4,499
2,439
97,359 69,913
27,446 63,861
23,019
97,668
44,653 179,017
18,682 45,179
37,809 167,440
74,649
9,748
6,114
Age not
stated
174
$5
129
103
20
83
241,694 190,386
60
51,308 313,395
70,863 242,527
23
871
11'
2
9
Total
11,141,142, 5,673,629 5,467,513 4,311,525 2,604,439 1,707,086 5,502,367 2,772,795
2,729,572 1,327,250 296,395 1,030,855