30
TABLB VII:
AGE; Sex
AND CIvIL: CONDITION:
4-AI Rellglons_
PoroLATION.
UNvARnIed:
XLAEDIED:
WIDORED:
AOR
Pecsoun
Mlnles:
Fetnaled;
Pereots;
Males
Femalca:
Pereone:
Melen.'
Fcmnlcg:_
Persobe:'
Malcb:
Femaleb:
10
13
0~1
175,788
86,577
40,U9
174,225;
8;,05t
89,174
1,487,
609
968F
94
17
77
13
288,893
115,06
144,398
235,271
114,609
120,572
1,490,
763
7227
132]
33
99
18
323,459
16,,8088
[67,m6
318,976
4i,io3
16+,813
4,218}
1,G30
2,58S1
285
70
196
288,702
136,R04
10,854
280,500 ,
134,746
146,760
'5,888,
1,982
3,880]
328
76
253
332.827
16,/4"
[67,708
322.903
162,116
IGO,7*7
9.101
2,821
6,280|
823
182
641
Toral
0 _;
11,855,887
64;
0;4005,810
1,331,881
6io,t76
681,106
22,144
3,705
14,439
1,842}
377
1,266
1,452,854'
76,0
646;,891
1,289,714'
72,,092
664,622
163,101
28,691
124,170]
9,979,
2,180
7,799
io-6
3,350,921
73,04
Gio,8ie
879,907,
634,738
246,409
443,084:
98,676
344,458
27,380
7,195
20,186
16 -"
"852,389'
42S,409
#HRa)
919,500'
270,156
502,285}
760,145
362,140 '
30,804
8,10s]
22,196
4)_;
894,027 ,
405,745
{B8,440
101,074'
134,285
26,78u
682,340
25,,674
4222,GG61
50,813
1J,839
38,774
"5 _%0
1,061,503
523,1#
627,S90
127,057,
776,12
60,516
844,478
421.666
418,812
79,988]
21,405
68,663
30-
{1,072,228'
JxfS[$
384,03
77,341
40,30
37,011
869,499;
470,506
398,993/
125,388]
27,982 
97,464
36_H0
828,589'
3.mi3
246,976
39,074
19,244
19,830
491,882
301,28+
190,6W84
97,633]
22,088 ,
76,648
4O_-1
818,875'
7426,73m
302,{822
'93,616
Ro,96
12,6,13
579,819
366,D50
212829
205,240j
37,809
167,440
4_i0
957,058'
~0nu,414
136,444
19,097
8,161
+,036
246,293,
164,33 =
76,959j
97,668
23,019'
74,649
60_hi
508,550,
~R9, #41
"70,204
16,381]
[0,686;
5,77,
328,319 
234,902
9+,417
223,870
44,+638
179,017
56_60
188,158'
93,024+
76,064
6,938
4,499
2,439
97,359
64,913
27,446
63,861
18,684
45,179
60 & over
570,951'
27 1,002
22404,444
15,882} _
9,749
6,114
241,894]
190,386
61,308] . 913,395
70,863]
242,627
^gC not
atutcd
174'
46
129
103}
20
83
601
23
37
11
Total
hi,41,142 6,673,624
6,467,613
4,311,525] 2,601,439
1,707,086 [5,502,367j 2,772,79;
4,729,572 1,327
246,395} 1,080,855
49,444
250j