VII—PART II.—AGE AND CIVIL CONDITION BY DISTRICTS.—KARIMNAGAR DISTRICT.
Sxl. Communities
No. and Age POPULATION UNMARRIED MARRIED WIDOWED DIVORCED
: Oe oO Ee ONO oo Oe SO ON
Persons Males Females Persons © Males ‘Females Persons © Males Females Persons Males Females “P. M.  F,
1 2 . 8 4 5 6 % 8 9 10 n 12 18 4 1 16 «IT
i. ALL ee Coats 1,355,415 689,578 665,837 494,928 299,566 195,362 725,946 362,201 363,745 126,835 25,181 101,654 7,706 2,630 5,076
: 0-1 .. _42,429 20,860 22,060 42,406 20,858 22,058 23 16 Tw 8s % Ow
1—5  —.. 190,649 85,780 104,919 186,367 88,898 102,974 4,080 2,888 1,747 47 4 43155 2. | 155
B10... 142,275 87,084 55,241 113,565 78,988 84,582 28,076 8,000 20,076 509 29 480 125 92 108
10-15 .. 156,434 86,192 -70,242 «89,819 64,754 25,065 64,978 21,265 48,718 1,181 105 1,076 456 68 388
1-20 ., 134,552 68,754 65,798 33,713 28,591 ~ 5,122 97,163 = 89,540 57,628 3/203 «BSB 2650 «47370408
20—80 —... 247,420 © 198,649 128,771 21,708 ~—19, 008 2,610 221,604 102,072 109,582 12,418 1,867 10,551 1,690 612 1,078
8040... 169,920 85,945 83,975 2,946. 1,878 1,068 144,873 80,776 64,097 20,625 2,627 17,998 1,476 664 812
4050... 124,250 65,786 58,514 2,027 1,181 896 94,338 = 50,445 84,893 26,494 4,505 21,989 1,391 655 786
50-60 «77,549 85,807 41,742 1,246 6338 618 47,500 27,444 20,056 27,786 7,852 20,484 1,017 3878 689
60&over ., 69,937 80,862 89,575 = 1,131 752 879, 33,311 21,810 12,001 34,572 8,189 26,488 923 161 762
2, Brahmanic 13,702 5,670 "8,032 © 4,093 2,019 2,074 9 8,216 = 3,466 4,750 1,393 185 1,208 .. we mI
Hindus. bo
o—1 a 180 84 96 179 88 96 1 Low ® as . oe eee ca
ws. 861 479 832 852 479 878 8 a 8 i i Lius 00 te
5—10 *s 1,143 588 605 806 330 476 335 208 127 | 2 ee 2 .. ne -
10-15, S018 798 1,225 1,231 541 690 753 246 507 34 6 49; ine ot we
15-20. 1,568 494 1,074 631 248 883 883 289 614 54 Cy yes
20-80. 2,435 1,045 1,890 345 291 541,881 718 1,168 209 Ce
80-40 «gS «1,936 ~'808 1,128 33 31 2 = 1,636 740 806 = 267 F880 ewe
40-505, 1,588 625 ‘968 9 9 a 1,267 585 = 682 312 | rs
5060... 1,387 576 811 4 e+ 6 1,100 5450 BG 283, 7 6 tvs
60 &over .. 586 228 358 3 8 % 352 184 = 168-231 41190
8. Other Hindus 950,542 484,214 466,328 332,331 205,764 126,567 518,700 258,157 260,543 93,037 17,985 75,052 6,474 2,308 4,166
O—1 —.. 30,621 15,526 = 15,095 30,612 15,520 15,002 9 6 S a es Fe oe
1— 5 —.,_ 137,197 50,257 77,940 135,058 58,150 «76,908 ~—1,946 1,106 840 38 1 87 155. 155
5-10... 87,539 58,659 = 28,880 67,710 58,608 += 14,102 «19,494 5,046 14,448 = 235 5 280 100 .. 100
10-15 «109,245 = 61,197 48,048 59,620 45,722 18,898 48,446 = 15,800 88,056 857 46-811 «322: B89 BB
15-20 «, 95,734 47,864 += 48,870 20,044 «17,827 = 2717S *72,799 29,548 43,256 2,557 442 2,115 334 “52 282
20-80... 178,108 = 88,449 88,659 «13,117. 11,884 1,288 154,033 74,866 79,167 9,501 1,207 8,294. 1,457 542 915
80408, L711 50,815 87,706 2,282 1,440 842 99,507 «5,818 43,689 14,092 1,460 12,682 1,230 597 633
40-50... 89,783 48,182 «41,651 1,748 ‘940 808 67,219 48,088 28,586 19,607 2,957 16,650 1,209 602 607 4
50-60 .. 54,937 25,058 29,879 1,105. 587 568 = 32,516 = :18,571 13,945 20,456 5,608 14,848 960 312 518
Go&over .. 50,267 21,257 29,010 1,035 686 849 22,731 «14,178 8,558 25,694 6,259 19,485 807 184 673
