VII_PART II_~AGE AND CIVIL CONDITION BY DISTRICTS.
-KARIMNAGAR DISTRICT:
4
Communities
No.
and Age
POPULATION
UNMARRIED
MARRIED
WIDOWED
DIVORCED
Persons
Malcs
Females
Peraons
Males
Females
Persons
Males
Females
Persons
Males
Femaleg
M_
F.
10
11
12
18
14
15
16
17
1 ALL COM-
1,355,415
689,578
665,837
494,928
299,566
195,362
,946
362,201 363,745 126,835  25,181 101,654 7,706 2,630 5,076
MUNITIES
0 
42,429
20,869
22,0€0
42,406
20,353
22,058
23
16
1_ 5
190,649
85,780
104,919
186,367
83,893
102,974
4,080
2,883
1,747
47
43
155
i55
5 -10
142,75
87,084
55,241
113,565
78,988
84,582
28,076
8,000
20,076
509
29
480
125
108
10_15
156,434
86,192
70,242
89,819
64,754
25,065
64,978
21,265
43,718
1,181
105
1,076
456
3
888
16
20
134,552
68,754
65,798
33,713
28,591
5,122
97,.163
89,540
57,623
3,203
558
2,050
473
408
20
80
247.420
128,849
128,771
21,708
10,098
2,810
211,604
102,072
109,582
12,418
1,867
10,551
1,690
612
1,078
30
40
169,920
85,045
83,975
2,946
1,878
1,068
144,873
80,776
64,097
20,625
2,627
17,098 1,476
664
812
40
50
124,250
65.786
58,514
2,027
1,181
896
94,338
59,.445
84,898
26,494
4,505
21,089 1,391
655
736
50
~60
77,549
85,807
41,742
1,246
'688
618
47,500
27,444
20,056
27,786
7,852
20,434 1,017
378
639
80 & over
69,937
80,862
89,575
1,131
752
879_
33,311
21,310
12,001
34,572
8,189
26,433
923
161
762
Brahmanic
13,702
5,670
8,032
4,093
2,019
2,074
8,216
3,466
4,750
1,393
185
1,208
Hindus
8
180
84
96
179
88
98
8}
861
479
882
852
479
878
318
1,143
538
805
806
330
476
208
127
10
2,018
798
1,225
1,231
541
690
753
246
507
#
28
15
20
1,568
494
1,074
631
248
383
883
289
6-44
47
20 _ 80
2,435
1,045
1,890
345
291
54
1,881
718
1,103
209
36
173
80
40
1,936
808
1,128
33
81
1,636
740
806
267
280
40
50
1,588
625
963
1,267
585
682
312
281
50
80
1,387
570
811
3
1,100
545
555
23
1
256
60 & over
586
228
858
352
184
168
190
8. Other Hindus
950,542
484,214
466,328
332,331
205,764
126,567
518,700
258,157 260,543
93,037
17,985
75,052 6,4742,308 4,166
30,621
15,526
15,095
30,612
15,520
15,092
8
137,197
50,257
77,940
135,058
58,150
76,908
1,946
1,106
840
38
37
155
155
-10
87,539
58,659
28,880
67,710
58,008
14,102
19,494
5,046
14,448
235
280
100
100
10-15
109,245
61,197
48,048
59,620
45,722
18,898
48,446
15,390
33,050
857
46
811
322
89
288
15_ 20
95,734
47,864
48,870
20,044
17,827
2,717
72,799
29,548
43,256
2,557
442
2,115
334
52
282
20
30
178,108
88,449
88,659
13,117
11,884
1,288
154,033
74,880
79,167
9,501
1,207
8,294
1,457
542
915
80
40
117,111
50,815
57,796
2,282
1,440
842
99,507
65,818
43,689
14,092
1,460
12,632 1,230
597
833
40
-50
89,783
48,132
41,651
1,748
940
808
67,219
43,038
23,586
19,607
2,957
16,650
1,209
602
607
50
60
54,937
25,058
29,879
1,105
537
568
32,516
18,571
18,9-45
20,456
5,608
14,848
860
342
518
B0 & over
50,267
21,257
29,010
1,035
686
849
22,731
14,178
8,553
25,694
6,250
19,485
807
134
678
725 ,
335