VII. PART II.-AGE AND CIVIL CONDITION BY DISTRICTS.-KARIMNAGAR DISTRICT.
Srl. Communities
No. and Age
POPULATION
UNMARRIED
MARRIED
Persons Males Females Persons Males Females Persons
1 2
8
4
5
6
7
8
9
11
12
WIDOWED
Males Females Persons Males Females
10
14
DIVORCED
P.
M. F.
13
15 16
17
1. ALL COM-
MUNITIES.
1,355,415 689,578 665,837 494,928 299,566 195,362 725,946 362,201 363,745 126,835 25,181 101,654 7,706 2,630 5,076
122
0-1
1-5
42,429 20,369
190,649
22,060 42,406 20,353
22,053
23
16
7
85,780
5-10
.. 142,275
87,084
10-15
.. 156,434
86,192
104,919 186,367
55,241 113,565
70,242 89,819
88,898
78,988
64,754
15-20
.. 134,552
68,754
65,798
33,713
28,591
20-80
247,420 128,649
128,771
21,708
30-40
40-50
50-60
60 & over
2. Brahmanic
Hindus.
0-1
1-5
:::::
10,098
169,920 85,945 83,975
2,946
1,878
124,250
65,786
58,514
2,027
1,181
77,549
35,807
41,742
1,246
683
69,937
30,362
39,575
1,131
752
102,974
34,582 28,076
25,065 64,978
5,122 97,163
2,610
211,604
1,068 144,873
896 94,338
618 47,500
879 33,311
4,080
2,883 1,747
47
43 155
155
8,000 20,076
21,265 43,713 1,181
39,540 57,623 3,203
509
29
105
558
480 125 22 108
1,076 456
388
2,650 473 70 403
68
102,072 109,532 12,418
80,776 64,097 20,625
59,445 34,893 26,494
27,444 20,056 27,786
21,310 12,001 34,572
1,867 10,551 1,690 612 1,078
2,627 17,998 1,476 664 812
4,505 21,989 1,391 655 736
7,852 20,434 1,017
8,139 26,433 923
378 639
161
762
13,702
5,670
8,032
4,093
2,019
2,074
8,216
3,466
4,750 1,393
185 1,208
5-10
10-15
15-20
:::::
180
84
96
179
83
96
1
1
861
479
882
852
479
873
8
8
1,143
538
605
806
330
476
335
208
127
2
:::
1
2
2,018
798
1,225
1,231
541
690
753
2-46
507
34
1,568
494
1,074
631
248
383
883
239
6-14
54
20-30
2,435
30-40
40-50
50-60
60 & over
:::::
1,045
1,390
345
291
54
1,881
718
1,163
209
1,936
.808
1,128
33
31
2
1,636
740
896
267
1,588
625
963
9
9
1,267
585
682
312
1,387
576
811
4
4
586
228
358
3
3
:::
1,100
545
555
283
352
184
168
231
OF 2224
28
47
36
173
87
230
31
281
27
256
41
190
:::::
:::::
:::::
3. Other Hindus 950,542 484,214
484,214 466,328 332,331
332,331 205,764 126,567 518,700 258,157 260,543 93,037 17,985 75,052 6,474 2,308 4,166
0-1
1-5
5-10
10-15
15-20
20-30
30-40
40-50
50-60
60 & over
::::::::::
30,621
137,197
15,526
59,257
87,539
58,659
109,245
15,095 30,612
77,940 135,058
28,880 67,710
61,197 48,048
95,734 47,364 48,370
59,620
20,044
15,520 15,002
58,150 76,908
53,608
45,722
17,827
9
6
3
1,946
14,102 19,494
13,898 48,446
2,717 72,799
1,106
840
38
1
5,046 14,448
15,390 33,056 857
29,548 43,256 2,557
235
5
46
442
37 155
230 100
811 322
2,115 334
155
100
39 288
52
282
178,108
117,111
89,783
88,449 89,659
59,315 57,796 2,282
48,132 41,651
13,117.
11,834
1,440
1,748
940
808
54,937
25,058 29,879
1,105
587
568
1,288 154,033
842 99,507
67,219
32,516
50,267
21,257
29,010
1,035
686
349
22,731
74,866 79,167 9,501
55,818 43,689 14,092
48,638 28,586 19,607
18,571 13,945 20,456
14,178 8,553 25,694
1,207
8,294 1,457
512
915
1,460
12,632 1,230
597 633
2,957 16,650 1,209
5,608 14,848 860 312 518
6,259 19,435 807 134 673
602 607