Srl. Communities
No.
and Ages
VII.-PART II.-AGE AND CIVIL CONDITION BY DISTRICTS.-MAHBUBNAGAR DISTRICT.
POPULATION
UNMARRIED
MARRIED
WIDOWED
DIVORCED
Persons Males Females Persons Males Females Persons Males Females Persons Males Females P. M. F.
110
1
2
3
4
5.
6
7
8
9
10
11
12
13
14
15 16 17
1. ALL COM-
MUNITIES.
0-1
1,088,209 552,079
536,130 422,560 248,024 174,536 553,047 275,745 277,302 108,939 27,028 81,911 3,663 1,282 2,381
30,919
1-5 .. 136,176
14,343
16,576
68,495
72,681
30,728
130,981
5-10
..
92,349
42,053
50,29 ¡
78,811
10-15
.. 121,687
68,467
58,220
81,206
15-20
.. 116,720
70,998
45,722
51,887
43,834
14,331 16,397
62,225 68,756 4,538
34,435 44,376 12,958
58,024 28,182 39,418
8,053 61,851
191
12
179
1,270
3,268
7,548 5,410
15,144 24,274 1,038
26,588 35,268 2,715
657
657
573
63
510
7
299
499
. 739
25
25
2,216 267
82
185
20-80
173,184
99,509
73,675
22,629
19,324
30-40
164,497
73,994
90,508
13,545
11,421
40-50
.. 114,635
55,450
59,176
7,117
5,429
1,688
50-60
75,889 35,855
40,034
3,441
2,570
871
60 & over
62,153
27,906
31,247
2,215
1,481
784
3,305 140,224
2,124
132,746
86,775
46,491
27,855
77,851 62,373 9,511
58,761 73,985 17,315
45,153 41,622 20,067
26,587 19,954 25,391
16,886 10,969 31,672
2,071
7,440 820 263
3,497 1,818 891 315
4,621 15,446 676 256
6,550 18,841 566 198
9,428 22,244
557
576
420
868
411 161 250
2. Brahmanic
12,784
6,067
6,717
4,648
2,170
2,478
7,214
3,685 3,529
922
212
710
Hindus.
0-1
15
5-10
10-15
15-20
20-30
30-40
40-50
50-60
60 & over
::::::
214
71
143
209
66
148
5
808
255
553
785
234
551
23
668
261
407
667
26.)
407
1
1,519
534
985
1,197
521
676
321
1,922
808
1,119
932
412
520
970
2,874
1,519
1,855
543
387
156
2,212
1,886
1,078
808
256
284
22
1,485
1,348
721
-627
43
40
3
1,109
1,015
581
484
16
16
779
530
294
236
:
: :
309
8. Other Hindus
668,149
338,543 829,606 248,881
147,683
101,198 338,577
ཨཊྛཀྐདྡྷ བྷིཙྪིཙིཏྲྰཾནྟི ཙྩཾ
5
21
2
1
:::
18
308
386
584
20
10
::::
:::
1
5
15
1,102
1,110 119
30
89
814
671
145
30
115
643
466
196
38
158
454
.825
220
61
159
246
63 .221
48
173
170,245 168,332 78,315 19,715
58,600
:::::::::: 8
:::::::::
2,376 900 1,476
0-1
18,765
9,059
1-5
80,636
37,742
9,706 18,710
42,894 76,985
5-10
41,549
15,737
25,812 34,778
9,059 9,651
36,892 40,098
9,752
25,026
55
3,043
6,306
55
850
5,931
2,198
608
608
875
458
47
411
7
10-15
70,773
15-20
76,307
41,864 29,409 45,868
47,620 28,687 35,806
31,266
14,602
24,103
9,845 14,258
777
253
524 25
25
30,112
5,094
38,346
17,148 21,198 1,997
304
1,698 158 56
102
20-30
103,549
30-40
62,584 40,965
109,611 47,854 61,757 11,387
14,234
12,376
1,858
82,198
9,851
1,536
85,610
48,512 33,686 6,627
85,486 50,124 12,026
1,513
40-50
75,025 35,324
39,701
6,085
4,729
1,356
54,506
50-60
49,999
22,172 27,827
3,038
2,337
701
28,514
60 & over
41,935
19,087
22,848
1,990
1,309
681
15,896
27,208 27,298 13,976
14,991 13,523 18,062
10,274 5,622 23,784
5,114 490 188
2,298 9,733 588
8,203 10,773 458 184 274
4,699 13,363 385 145 240
7,403 16,381 265 101 164.
807
224
364