VIL_ PART II._-AGE AND CIVIL CONDITION BY DISTRICTS
MAHBUBNAGAR DISTRICT,
Srl.
Communities
POPULATION
UNMARRIED
MARRIED
WIDOWED
DIVORCED
No.
end Ages
Persons
Males
Females
Persons
Mules
Females
Persons
Males
Females
Persons
Males Females
P.
M.
F.
10
11
12
18
14
15
16
17
1. ALL COM-
1,088,209
552,079
536,130
422,560
248,024
174,536
553,047
275,745 277,302 108,939
27,028   81,911 3,663 1,282 2,381
MUNTTIES:
0_ 1
30,919
14,348
16,576
30,728
14,331
16,397
191
12
179
17 6
136,176
08,495
72,681
130,981
62,225
68,756
4,538
1,270
3,208
657
657
5_10
92,349
42,058
50,29 ;
78,811
84,485
44,876
12,958
7,548
5,410
573
63
510
10_15
121,687
68,467
58,220
81,206
58,024
28,182
39,418
15,144
24,274
1,038
209
730
25
25
15
20
116,720
70,998
45,722
51,887
43,88+
8,058
61,851
26,588
85,268
2,715
499
2,216
267
82
185
20 _ 80
173,184
99,509
73,675
22,629
19,32+
8,305
140,224
77,851
62,373
9,511
2,071
7,440
820
268
557
80
40
164,497
73,994
90,503
13,545
11,421
2,124
132,746
58,761
73,985
17,315
8,497
1*,818
891
315
576
40   50
114,635
55,450
50,176
7,117
5,429
1,688
86,775
45,158
41,622
20,067
4,621
15,446
676
250
420
50
C0
75,889
35,855
40,034
3,441
2,570
871
46,491
20,587
19,95 4
25,391
6,550
18,841
566
198
308
60 & over
62,153
27,906
34,247
2,215
1,431
784
27,855
16,886
10,969
81,672
9,428
22,241
411
161
250
2. Brahmanic
12,784
6,067
6,717
4,648
2,170
2,478
7,214
8,685
8,529
922
212
710
Kindus:
214
143
209
66
148
8
1_ 5
808
255
553
785
234
551
23
21
5_10
668
261
417
667
26 )
407
10  15
1,519
534
985
1,197
521
676
321
18
808
15_20
1,922
808
1,119
932
412
520
970
386
584
20
15
20
30
2,874
1,519
1,855
543
387
156
2,212
1,102
1,110
119
30
89
30
-40
1,886
1,078
808
256
284
1,485
814
671
145
115
40
50
1,348
721
627
43
40
23
1,109
643
466
8
158
50
60
1,015
581
184
16
16
779
45+
825
5
159
60 & over
530
294
236
309
240
68
178
8. Other Hindus
668,149
338,543
829,606
248,881
147,688
101,198
338,577
170,245
168,832
78,815
19,715
58,600
2,878 900 1,476
18,765
9,059
9,706
18,710
9,059
9,651
55
55
8=
80,636
87,742
42,804
76,985
86,892
40,098
3,043
850
2,198
608
808
5_10
41,549
15,737
25,812
34,778
9,752
25,026
6,306
5,931
375
458
47
411
10_15
70,773
41,80+
29,409
45,868
31,266
14,602
24,103
9,845
14,258
777
258
524
25
25
15-_20
76,307
47,820
28,687
35,806
80,112
5,694
38,346
17,148
21,198
1,997
304
1,693
158
56
102
20 _ 80
103,549
62,584
40,965
14,234
12,876
1,858
82,198
48,512
33,686
6,627
1,518
5,114
490
183
807
30
40
109,611
47,854
61,757
11,387
9,851
1,586
85,610
85,486
50,124
12,026
2,298
9,733
588
224
804
40 -50
75,025
85,324
39,701
6,085
4,729
1,856
54,506
27,208
27,298
13,976
8,203
10,778
458
184
274
50 _ 80
49,999
22,172
27,827
3,038
2,337
701
28,514
14,991
18,523
18,062
4,699
18,868
385
145
240
60 & over
41,935
10,087
22,848
1,990
1,309
681
15,896
10,274
5,622
23,784
7,408
16,881
265
101
164