. VIl.—PART I.—AGE AND CIVIL CONDITION BY DISTRICTS.—MAHBUBNAGAR DISTRICT.
Srl. Communities POPULATION UNMARRIED MARRIED WIDOWED DIVORCED
Nas gp pa ORCED |
AS icon (Mulan! emails’ Pesecom; Males, Femily’” ‘Bessom Males; Fouls’ Perom Make Reue’ 3. ae r
1 2 8 4 8. 6 7 8 9 10 u 2 1 ow w iw Ww
1. ALL COM- — 1,088,209' 552,079 536,130 422,560 248,024 174,536 553,047 275,745 277,302 108,939 27,028 81,911 3,663 1,282 2,381
MUNITIES.
0-1 s+ 30,919 14,848 «16,576 30,728 14,881 16,807 191 2 179k, “ ow =
15 1 136,176 68,495 «72,681 130,981 62,225 «68,756 «4,538 1,270 3,268 «657, ws. oS
5—10 «+ 92,349 42,058° 50,295 78,811 84,485 44,376 12,958 7,548 5,410 573 63 510 Ls TS ws
10-18 1. -1217687 68407 «5220 81.206 -5B024 «2882 «3941S AGHI4k 24274 1,038 200. 73025 .. “ag
1520 °. 116,720 70,998 45;722 «51/887 «48,884 «8,058 G1,851 26,588 85,268- 2,715 409 2,016 267 “8218s
20—80 «+ 173,184 99,509 73,675 22,629 19,324 8,305 140,224 77,851 62,373 9,511 2,071 7,440 820 268 557
3040 |. «164,497 «78,994 90,508 «13,545 «11,421 «124 132,746 58,761 73,085 17,315 8,497 1818 891 315 576
40—50 ae 114,635 55,450 59,176 TAIZ 5,429 1,688 86,775 45,158 41,622 20,067 4,621 15,446 676 256 420
5060 |. 75,889 85,855 40,084 3,441 «2,570 871 46,491 26,587 19,954 25,391 6,550 18,841 566 198 868
6O&over 1) 62153 27,006 «= B4247 2,215,481 784 27,855 16,886 10,969 81,072 9,428 22/44 411 161 250
2. Brahmanic «12,784 «067 GTIF_— 46481103878 7.248085 8529922 Bs MO
Hindus. 4
(a ne 37 1 148 209 66 148 5 Bo. 7 -~ = @ oa
15 2 808 255 558 785 234 551 23 a1 20 ‘" im an oe
a0 1] 668 261 407 667 26) 407 1 to. 7 - ew, ow #
15] 1819 584 985 1,197 p21 676 321 13 “308 — ins = @
15—20 + 1,922 803 1119 932 412 520 970 386 584 20 5 BE ee “ os
20-80 ., 2,874 1,519 «1,855 543 387 156 «2,212 s«tozsto 119i
30-40 |) 1886 = 1,078 808, 256 234 221,485 84 o7t 45
40—50 oo 1,348 721 627 43 40 3 1,109 643 466 196 38 158 oe oe oe
50-60 1.14015 581 484 16 we. 779 455-825 220s (aT
60 &over |). (530 294 26 0~C 7 be 309 24602=*«~« a TBS
8. Other Hindus 668,149 838,548 829,006 248,881 147,688 101,198 338,577 170,245 108,882 78,815 19,715 58,600 2,876 900 1,476
0-1... 18,765 9,050 9,706 18,710 9,050 9,651 5 3 ss ee
1—5 2) 80,636 © s7742 «42,804 © 76,985 96,892 40,098 3,043 850 2,198 ‘608. oop eT)
B10 1) 44549 15;787 25812 34,778 «9,752 25,026 ©6306 = 5,081 87558 ay ak
~» 10-18 170/773 41804 29,409 45,868 81,260 14,602 24,103 94845 14,258 77S 588k 8G
1520 1. 76,307 47,620 28,687 35,806 «80,112 5,694 38,346 «17,148 21,108 1,997 304 1,698 188 6108
20-80 ., 103,549 62,584 «40,065 «14,234 12,876 == 1,858 «82,198 48,512 83,686 6,027 1,518 514 490 188 B07
30-40 |. 109,611 47/854 «61,757 11,387 «9,851,586 85,610 85,486 50,124 12,026 2/298 9.783 588 224 364
40-50 |) 75,025 85,824 80,701 6,085 4,729 «1856 4,506 27,208 27,298 13,976 8,208 107773 458 184 274
5060), 49,999 aa 72a7,82y = 3,038 «2,887 701 28,514 14,991 13,528 18,062 41699 18863 385 145 240
GO&over :. 41,935 10,087 22,848 «1,990 _—‘1,809 681 15,896 10,274 5,622 23,784 7408 16,881 268 101 164.
