VII_PART II_AGE AND CIVIL CONDITION BY DISTRICTS _MEDAK DISTRICT:
UNMARRIED
MARRIED
WIDOWED
DIVORCED
Communities
POPULATION
and Ages
Males
Females
Persons
Males
Females
Persons
Males   Females
P.
M:
Persong
Males
Femalcs
Persons
10
11
12
18
14
15
16
17
253,389
160,099
93,290
424,347
207,370/216,977
77,985
16,668
61,317 2,499
792 1,707
1. ALL COM-
758,220
384,929
373,291
MUNTTIES.
21,729
11,025
10,704
21,631
10,994
10,687
98
31
67
'121
112
1_ 5
87,676
48,180
41,616
86,067
45,941
40,126
1,488
210
1,278
756
14
742
5_10
85,348
88,770
46,578
54,522
86,066
18,556
38,865
{c09
83,378
1,471
49
1,422
1
4
8
10 _15
86,984
85,864
51,820
45,360
28,602
16,758
46,915
16,477
90,488
2,288
480
1,849
140
96
15
2220
68,258
31,041
86,317
18,915
14,981
3,034
71,316
65,780
17,779
15,988
1,791
109
53,806
56,530
9,409
1,882
8,077
462
180
882
20
30
437,055
89,083
5,802
5,101
701
84,445
55,954
28,491
12,270
1,895
10,875
625
209
416
30
40
103,142
88,150
86,445
2,025
1,641
884
58,687
86,706
21,081
16,268
2,518
18,750
479
149
380
40
-50
77,459
41,014
23,837
763
522
241
31,223
19,864
11,859
16,298
4,822
11,976
393
132
261
50
60
48,677
24,840
525
868
162
21,877
14,405
7,412
19,104
6,090
18,014
386
122
80 & over
11,892
21,040
20,852
8,502
4,200
802
2,731
1,885
1,846'
5,445
2,759
2,086
326
56
270
2. Brahmanlc
Hindus:
138
61
77
138
61
8
1 5
633
240
393
633
240
398
5~10
613
238
875
568
288
830
45
45
10 -15
870
246
625
608
201
407
262
218
15
220
784
390
394
343
225
118
439
165
274
997
520
333
814
19
1,44
674
470
40
81
20
30
1,517
686
545
56
1,087
601
486
10
57
80
40
144
1,072
524
548
81
60
60
{
556
620
6
24
951
515
436
1
#
64
60 &
510
286
244
18
445
286
209
85
over
246,188
286,195
145,114
92,774
,340
284,856
142,109 142,747
50,881 _
10,823
40,058 1,532
482   1,050
8. Other Hindus
482,383
14,138
7,574
6,564
14,086
7,550
6,536
52
24
28
8=
5
46,746
22 _
24,421
45,935
22,159
28,776
761
166
595
50
50
5_10
62,041
27,444
34,597
35,864
25,056
10,808
25,613
2,388
28,225
564
564
10 _15
55,589
21,711
88,878
24,673
16,148
8,580
29,855
5,644
24,811
1,060
24
1,086
10,288
21,710
9,532
8,286
1,246
29,663
10,874
18,989
1,708
296
1,412
90
27
63
15
20
40,993
86,392
46,665
89.727
8,940
8,244
696
70,982
37,459
33,528
6,158
884
5,274
312
78
234
20
30
46.447
28,099
4,263
8,877
386
57,333
41,850
15,083
7,532
1,089
6,448
418
181
287
80
40
69,546
25,263
28,618
1,155
974
181
37,266
22,817
14,449
10,190
1,386
8,804
265
179
40 _ 50
3925
15,559
14,894
425
309
116
19,103
12,812
6,791
10,203
2,859
7,344
1
6
148
50_80
78,109
18,017
14,192
241
176
65
14,228
9,375
4,853
13,416
4,285
9,131
148
60 & over
405
264
52,8
,325