TABLE VII.
Age, Sex and Civil Condition Part II.-Districts.
TABLE VII.
AGE, SEX & CIVIL CONDITION.
58
POPULATION
UNMARRIED
MARRIED
WIDOWED
District
Religion and Age
Persons
Males
Female
Persons
Medak
1
All Religions
Males
7
Females
Persons
Males
Females
Pers
Males
Females
10
11
12
1:3
14
738,665
373,475
365,190
255,138
157,392
97,746
402,655
199,982
202,673
80,872
16,101
64,771
21.067
10,
10.164
20,995
10,878
10,117
72
23
47
13
107,696
17,915
39,781
94,977
$7,1-10
47,37
12,551
509
11,182
168
14122
510
83,485
$1,369
58,206
17.783
20,123
24,237
3,350
20,687
1,042
1,006
10 13
76,726
41,833
39,907
26,216
35,008
H.589
2,419
1,811
86
1,725
13-20
67,722
31,380
3,32
16.255
14,131
2,121
48,715
17,043
31,670
2,752
2014
2,548
20-30
136,497
(i),147
15.914
14,210
1,70
112,445
33,744
8,138
1,191
6,947
95,746
31.263
41.4833
4,430
3,557
873
78,645
18, 126
30,219
12,671
2.2ND
10,391
40-30
69,682
2011
2,350
1,7-
49,139
33,140
13,000
18,193
14,585
43,035
24,013
1,024
734
24,800
1!1,441
5,346
17,211
3,815
13,376
60 and over
37,009
19,106
17,
1,080
803
17,043
13,148
1,595
18,886
4,855
14,1
Hindu (Brahmanic)
508,690
256,911
251,779
168,160
105,405
62,755
282,134
139,852
142,282
58,396
11,654
46,742
0-1
14.502
7,836
4646
14,464
7,814
1-3
75,004
32.431
12.373
63,037
6,621
31,003
38
11,848
12
26
11,135
119
4
115
3-10..
62,183
30,644
31,339
41,606
27,900
13,616
19,691
2,630
17,061
886
24
8622
10-13
51,556
21,861
23,636
15,278
8,338
26,477
6,518
19,939
1,443
68
1,375
13-20
46.089
20,141
23,618
9,299
8,36
1831
34,479
11,923
22,556
2,311
150
2,161
20-30
91.848
47,5:1
41,317
9.598
8,810
788
76,113
17,838
38,275
6,137
883
5,231
64,485
38,229
26,236
3,239
2,621
618
52,380
35,36
18,444
8,866
1,672
7,194
48.029
28,313
19,514
1,631
1,204
427
33,420
24,727
8,69
12,978
2,384
10,394
30-60
29,537
16,712
814
607
207
16,693
13,300
12,030
2,713
1,285
60 and over
25.457
12,688
12,769
836
619
187
10,995
8,315
2,480
13,626
3,524
10,102
Adi Hindu
133,599
67,943
65,656
47,270
27,848
19,422
73,530
37,281
36.249
12,799
2,814
9,985
0-1
4.242
1,007
2,335
4,222
1,897
20
10
10
1-5
19,733
9,707
10,02
19,314
9,567
1,747
399
138
201
20
18
3-10
13,010
6,419
6,391
9,215
5,601
3,715
717
2,998
80
11
69
10-13
14,456
7,065
7,891
7,986
5,588
2,398
6.257
15-20
12,312
3,801
6,311
2,711
2,2000
511
9,342
1,Mil
3,500
4,794
213
14
109
5,773
259
12
297
20-30
25.039
12,107
12,,32
2,376
1,811
565
21,448
10,121
11,127
1.215
175
1,040
30-40
18,087
9,509
8,378
640
487
139
15,264
8,635
6,620
2,183
387
1,796
40-30
12,515
7,181
5,334
522
415
107
9,024
6,081
2,943
2,969
4185
2,284
50-00
7,425
4,252
3,173
119
G8
31
4,490
3,476
1,014
2,816
708
2,1081
60 and over
6,780
3,993
2,785
165
124
41
3,571
11,071
500
3,044
800
2,244