YVIL—PART I1—AGE AND CIVIL CONDITION BY DISTRICTS.—MEDAK DISTRICT.
Communities POPULATION © UNMARRIED MARRIED WIDOWED . DIVORCED
and Ages. | -—_—£—_—_*—__—_—s._ ————*— on eC TT .
Persons Males Females Persons Males Females Persons Males Females Persons Males Females P. M. RK
1 2 8 4 5 6 ce 8 9 10 nu 12 18 4 wb 6 W
1 aa OMS 758,220 384,929 373,291 253,389 160,099 93,290 424,347 207,370 216,977 77,985 16,668 61,317 2,499 792 1,707
o—1 " 21,729 11,025 , 10,704 = 21,631 10,994 10,687 98 31 67 “ - a oo, oe
1—5 +» 87,676 46,160 41,516 86,067 45,941 40,126 1,488 210 «1,278 121 9 12... .
5—10 +» 85,348 88,770 46,578 54,522 85,966 18,556 30,068 2,790 27,278 156 14 42 2 + 2
10—15 +» 86,984 85,664 51,820 © 45,360 28,602 16,758 40,141 7,007 88,184 1,471 49 1,422 12 6 6
15—20 ++ 68,258 81,941 86,817 18,915 14,981 8,934 © 46,915 16,477 80,488 2,288 * 489 1,849 140 44 (96
20—80 ++ 137,055 71,816 65,739 17,779 15,988 1,791 109,405 53,866 55,539 9,409° 1,882 8,077 462 180. 832
30—40 ++ 103,142 68,159 89,983 5,802 5,101 701 84,445 55,954 28,491 12,270 1,895 10,875 625 209 416
40—50 «+ T1459 41,014 86,445 2,025 1,641 884 58,687 86,706 21,981 16,268 2,518 18,750 479 149 3380
50—60 ++ 48,677 24,840 28,837 763 522, 241 = 31,223 19,864 11,859 16,298 4,822 11,976 393 182 261
60 &over ., 41,892 21,040 20,852 525 868 162 21,877 14,465 7,412 19,104 6,090 13,014 386 122 264
2. Peabo 8,502 4,200 4,802 2,731 1,885 1,346 5,445 2,759 2,686 326 56 270 . .
jus. a
ey as 138 61 id 138 61 os 2 we oe on an ee hth 5
5—10 . 613 238 875 568 238 830 45 on 45 on on . we ee
10-15" 870 245 625 608 201 407 262 4h 218 we os oe . . we
15—20 o 784 390 394 343 225 118 439 165 274 2 oe. 2 .. oe ee
20—30 ae 1,517 997 526 333 314 19 1,144 674 470 40 9 sk we Pr a
80—40 o 1,211 666 545 57 55 2 1,087 601 486 67 10 [ar on o
40—50 oe 1,075 546 - 629 2 21 o 1,072 524 548 82 1 sl... nel =
50—60 on 1,051 551 500 17 Ww on 951 515 436 83 19 Oh ws we =
60 &over .. 510 266 244 13 rt er 445 236 4-209 52 rt BO
8. Other Hindus . 482,383 246,188 286,195 145,114 92,774 52,840 284,856 142,109 142,747 50,881- 10,828 40,058 1,532 482 1,050
ol +» 14,138 1,574 6,564 14,086 7,550 6,536 52 24 28 ae -_ es ‘ane P
1-5 1. 46,746 «22,825 «24,421 45,935 22,150 28,776 761 166 595 50. re
5—10 ". G2'odl «= B7ddd + 54,007 35,864 25,056 10,808 25,613 2,888 25,225 B64 564i,
10—15 “. 55,589 21,711 88,878 += -24,673 16,148 8,580 29,855 5,544 24,811 1,060 24 #1086 «#41 .. y
1520 ., 40,993 19,288 = 21,710 9,532 8,286 1,246 29,663 «= -'10,674 18,989 1,708 296 1,412 90 27 68
20-80 ., 86,392 46,665 39,727 8,940 8,244 696 70,982 87,459 38,523 6,158 884 5,274
30401, 69/546 40,447 «28,009 4,263 8,877 386 57,333 41,850 15,988 7,532 1,089 6,448 aie 1h or
40—50 +» 48,876 25,263 28,613 1,155 974 181 37,266 22,817 14,449 10,190 1,386 8,804 265 86 179
50—60 ++ 29,953 15,559 14,894 425 309 116 19,103 12,812 6,791 10,203 2,859 7,844 222 7 148
GO&over .. 28,109 13,917 14,192 2A 176 65 = 14,228 9,875 4,853 13,416 4,285 9,131 224 81 143
