102
Communities
and Ages
UNMARRIED
VII-PART II-AGE AND CIVIL CONDITION BY DISTRICTS.-MEDAK DISTRICT.
POPULATION
MARRIED
Persons Males Females
Males
Persons
Persons
Females
WIDOWED
Males Females Persons Males Females
DIVORCED
P.
M. F.
1
2
3
4
5
6
7
8
9
10
11
12
13
14
15
16
17
1. ALL COM-
758,220 384,929 373,291 253,389 160,099
93,290 424,347 207,370 216,977 77,985 16,668 61,317 2,499 792 1,707
MUNITIES.
0-1
-21,729
11,025
10,704
21,631
10,994
10,687
1-5
87,676
46,160
41,516
86,067
45,941
40,126
98
1,488
31
67
5-10
85,348
38,770
46,578
54,522
35,966
18,556
30,068
10-15
86,984
35,664
51,820 45,360
28,602
16,758
40,141
15-20
68,258
31,941
36,817
18,915
14,981
3,934
46,915
210
2,790 27,278
7,007 33,134 1,471
16,477 30,438 2,288
1,278
121
9
112
756
14
742
2
2
49
1,422 12
6
6
' 439
1,849 140
44
96
20-30
137,055
71,316
65,739
17,779
15,988
1,791
109,405
30-40
103,142 63,159
39,983
5,802
5,101
701
84,445
40-50
50-60
77,459 41,014
48,677 24,840 23,837
86,445
2,025
1,641
384
58,687
763
522
241
31,223
60 & over
41,892
21,040 20,852
525
363
162
21,877
9,409
53,866 55,589
55,954 28,491 12,270
36,706 21,981 16,268
19,864 11,859 16,298
14,465 7,412 19,104
1,332
8,077 462
180
882
1,895
10,375 625
209
416
2,518
13,750 479
149
380
4,322 11,976 393
182
261
6,090
18,014 386
122
264
2. Brahmanic
. 0-1
1-5
5-10
8,502
4,200
4,302
2,731
1,385
1,346
5,445
2,759
2,686
326
56
270
Hindus.
10-15
15-20
20-30
30-40
40-50
50-60
60 & over
:::::
138
61
77
138
61
77
:
633
240
393
633
240
398
613
238
375
568
288
330
45
:::
:
45
870
245
625
608
201
407
262
44
218
::::
784
390
394
343
225
118
439
165
274
N
:::::
1,517
997
520
333
314
19
1,144
674
470
40
9
31
1,211
666
545
57
55
2
1,087
601
486
67
10
57
1,175
546
. 629
21
21
1,072
524
1,051
551
500
17
17
510
266
244
13
13
:::
548
82
1
81
951
515
-436
83
19
64
445
236
209
52
17
85
..
::
:::::
:::::
:::::
8. Other Hindus. 482,383
246,188
236,195
145,114
92,774
52,340 284,856
142,109 142,747 50,881 10,823 40,058 1,532
482 1,050
0-1
"
14,138
7,574
6,564
14,086
7,550
6,536
1-5
46,746
22,325
24,421
45,935
22,159
28,776
52
761
24
28
5-10
62,041
27,444
.
34,597
35,864 25,056
10,808
25,613
10-15
55,589
21,711
38,878
24,673
16,143
8,530
29,855
15-20
40,993 19,288
21,710
9,532
8,286
1,246
29,663
166
2,388
5,544 24,311
10,674 18,989
595
50
::
50
28,225
564
1,060
1,708
564
24 1,036
296 1,412
90
20-30
86,392
46,665 39,727
8,940
8,244
696 70,982
30-40
69,546
46,447 23,099
4,263
3,877
386 57,333
37,459 33,523 6,158
41,350 15,983 7,532
884
5,274 312
1,089
6,445 418 131
40-50
48,876
25,263 23,613
1,155
974
181
37,266
50-60
"
60 & over ..
29,953 15,559
28,109
14,394
425
309
116
19,103
13,917
14,192
241
176
65
14,228
22,817 14,449 10,190
12,312
9,375
1,386
8,804 265
2,859
6,791 10,203
4,853 13,416 4,285
79
7,344 222
9,131 224
: : : : à នដីវិន
27
63
78 234
287
86 179
81
148
143