TABLE VIII.

Civil Condition by

Religion and Age.

All Religious.

|  District. | (3) Widowed.  |   |   |   |   |   |   |   |   |   |   |
| --- | --- | --- | --- | --- | --- | --- | --- | --- | --- | --- | --- |
|   |   |  Age-Periods.  |   |   |   |   |   |   |   |   |   |
|   |   |  20-24. |   | 25-29. |   | 30-34. |   | 35-39. |   | 40-44.  |   |
|   |   |  Males. | Females. | Males. | Females. | Males. | Females. | Males. | Females. | Males. | Females.  |
|  1 | Bangladesh | 241 | 1,888 | 697 | 3,778 | 1,091 | 6,594 | 1,304 | 6,126 | 2,147 | 10,366  |
|  2 | Kedar | 240 | 2,428 | 612 | 3,987 | 1,121 | 7,145 | 1,333 | 5,980 | 2,261 | 9,255  |
|  3 | Tundur | 223 | 2,283 | 647 | 4,286 | 1,138 | 7,185 | 1,472 | 7,151 | 2,072 | 9,975  |
|  4 | Mysore | 320 | 3,210 | 731 | 5,917 | 1,260 | 9,812 | 1,413 | 10,520 | 2,384 | 17,380  |
|  5 | Hassan | 178 | 1,582 | 1,503 | 2,912 | 826 | 5,011 | 945 | 5,001 | 1,309 | 8,028  |
|  6 | Shirway | 270 | 2,176 | 811 | 3,975 | 1,409 | 5,709 | 1,614 | 5,395 | 2,393 | 8,001  |
|  7 | Kedar | 140 | 1,213 | 481 | 2,381 | 859 | 3,620 | 928 | 3,365 | 1,212 | 4,980  |
|  8 | Chittagong | 190 | 1,287 | 512 | 2,711 | 787 | 4,456 | 889 | 1,306 | 1,293 | 5,661  |
|  Total |   | 1,902 | 16,357 | 4,961 | 29,980 | 8,491 | 49,531 | 9,898 | 48,153 | 15,071 | 73,605  |
|  The Civil and Military Station, Bangalore |   | 41 | 276 | 86 | 430 | 121 | 739 | 123 | 632 | 183 | 1,301  |
|  GRAND TOTAL |   | 8,813 | 16,633 | 5,059 | 30,410 | 8,612 | 50,270 | 10,021 | 48,785 | 15,251 | 74,906  |

This content downloaded from

73.69.208.150 on Sun, 23 Mar 2025 01:59:48 UTC

All use subject to https://about.jstor.org/terms