All use subject to https://about.jstor.org/terms
73.69.208.150 on Sun, 23 Mar 2025 01:59:48 UTC
This content downloaded from
TABLE VII. PART A.-Continued.
(2) Married.
Age-Periods.
25-29.
30-34.
35-39.
TABLE VIII.
All Religions.
Religion and Ago.
Civil Condition by
District.
Males.
Females.
Males.
Females.
Males.
Females.
Males.
Females.
Males.
Females.
15-19.
20-24.
11.
12
13.
14
16
17..
18
19
20
20:
1 Bangalore
4,317
22,380
12,459
30,002
22,305
27,680
24,096
23,483
21,872
15,289
2
Kolar
3,006
18.535
9,656
25,984
17,264
22,019
21,291
18,293
17,809
11,199
Tumkur
3,075
19,140
9,351
25,669
17,842
22,057
19,666
16,670
18,379
*10,708
4 Mysore
10,717
39,417 23,351
47,619
37,292
40,005
38,708
36,291
34,985
26,196
Hassan
2,754
15,165
8,239
21,481
15,016
19,635
17,036
15,228
14,899
10,667
6 Shimoga
3,789
17,412
9,232
19,035
16,510
16,818
17,822
13,381
15,400
8,996
7 Kadur
2,052
9,567
5,818
12,840
11,248
11,886
12,573
9,189
10,769
5,621
8 Chitaldurg.
2,256
12,877
6,865
18,211
12,965
15,322
14,011
Total.
31,966
154,523
81,971
200,841
150,1·12
181,422
11,548
165,203 $144,083
12,511
8,069
146,624
96,745
The Civil and Military
Station, Bangalore...
GRAND TOTAL.
419
32,385
3,345
157,868
1,762
86,733
4,106
204,947
3,035
153,1779 184,920
3.498.
3,207
168,110 147,113
3,030
2,487
1,734.
149,111
98,479
.58