TABLE VIII.

Civil Condition by

Religion and Age.

All Religions.

TABLE VIII. PART A.—Continued.

|  District. | (2) Married.  |   |   |   |   |   |   |   |   |   |   |
| --- | --- | --- | --- | --- | --- | --- | --- | --- | --- | --- | --- |
|   |   |  Age-Periods.  |   |   |   |   |   |   |   |   |   |
|   |   |  15-19. |   | 20-24. |   | 25-29. |   | 30-34. |   | 35-39.  |   |
|   |   |  Males. | Females. | Males. | Females. | Males. | Females. | Males. | Females. | Males. | Females.  |
|   |   |  11 | 12 | 13 | 14 | 15 | 16 | 17 | 18 | 19 | 20  |
|  1 | Bangalore | 4,317 | 22,380 | 12,459 | 30,002 | 22,305 | 27,680 | 24,096 | 23,483 | 21,872 | 15,289  |
|  2 | Kolar | 3,006 | 18,535 | 9,656 | 25,984 | 17,264 | 22,019 | 21,291 | 18,293 | 17,809 | 11,199  |
|  3 | Tumkur* | 3,075 | 19,140 | 9,351 | 25,669 | 17,842 | 22,057 | 19,666 | 16,670 | 18,379 | 10,708  |
|  4 | Mysore | 10,717 | 20,417 | 23,351 | 47,619 | 37,292 | 46,005 | 38,708 | 36,291 | 34,985 | 26,196  |
|  5 | Hassan | 2,754 | 15,165 | 8,239 | 21,481 | 15,016 | 19,635 | 17,036 | 15,228 | 14,899 | 10,667  |
|  6 | Shimoga | 3,789 | 17,442 | 9,232 | 19,035 | 16,510 | 16,818 | 17,822 | 13,381 | 15,400 | 8,996  |
|  7 | Kudur | 2,052 | 9,567 | 5,818 | 12,840 | 11,248 | 11,886 | 12,573 | 9,189 | 10,769 | 5,621  |
|  8 | Chitaldurg | 2,256 | 12,877 | 6,865 | 18,211 | 12,965 | 15,322 | 14,011 | 11,548 | 12,511 | 8,069  |
|   | Total... | 31,966 | 154,523 | 81,971 | 200,841 | 150,442 | 181,422 | 165,203 | 144,083 | 146,624 | 96,745  |
|   | The Civil and Military Station, Bangalore... | 419 | 3,345 | 1,762 | 4,106 | 3,035 | 3,498 | 3,207 | 3,030 | 2,487 | 1,734  |
|   | GRAND TOTAL... | 32,385 | 157,868 | 86,733 | 204,947 | 153,477 | 184,920 | 168,410 | 147,113 | 149,111 | 98,479  |

This content downloaded from

73.69.208.150 on Sun, 23 Mar 2025 01:59:48 UTC

All use subject to https://about.jstor.org/terms