TABLE VIII.

Civil Condition by

Religion and Age.

All Religions.

TABLE VIII
PART A.
Civil Condition by Religion and Age. Total Population.

|  District. | (1) Unmarried.  |   |   |   |   |   |   |   |   |   |
| --- | --- | --- | --- | --- | --- | --- | --- | --- | --- | --- |
|   |   |  Age-Periods.  |   |   |   |   |   |   |   |   |
|   |   |  Total Unmarried. |   |   | 0-4. |   | 5-9. |   | 10-14.  |   |
|   |   |  Total. | Males. | Females. | Males. | Females. | Males. | Females. | Males. | Females.  |
|  1 |   | 2 | 3 | 4 | 5 | 6 | 7 | 8 | 9 | 10  |
|  1 | Bangalore | 295,721 | 177,755 | 117,809 | 47,672 | 50,912 | 48,997 | 46,944 | 28,554 | 15,000  |
|  2 | Kolar | 249,467 | 153,628 | 95,839 | 39,905 | 42,716 | 38,436 | 37,031 | 21,515 | 11,312  |
|  3 | Tumkar | 259,379 | 157,711 | 101,668 | 43,327 | 46,097 | 38,897 | 37,866 | 19,995 | 11,308  |
|  4 | Mysore | 618,601 | 306,985 | 211,616 | 83,199 | 86,485 | 80,452 | 76,411 | 58,491 | 32,586  |
|  5 | Hassan | 245,066 | 144,682 | 103,378 | 36,551 | 38,230 | 36,191 | 36,658 | 25,737 | 20,052  |
|  6 | Shimoga | 255,286 | 154,882 | 100,104 | 32,117 | 33,741 | 35,620 | 35,165 | 30,284 | 19,820  |
|  7 | Kadar | 159,582 | 97,207 | 62,375 | 21,102 | 21,766 | 22,075 | 22,707 | 17,280 | 12,041  |
|  8 | Chitaldarg | 198,567 | 117,136 | 81,371 | 32,915 | 34,735 | 30,794 | 30,413 | 16,290 | 10,582  |
|  Total... |   | 2,184,612 | 1,369,992 | 874,620 | 336,788 | 354,617 | 331,262 | 323,195 | 218,146 | 132,701  |
|  The Civil and Military Station, Bangalore |   | 48,225 | 28,465 | 18,769 | 6,759 | 6,945 | 6,801 | 6,623 | 5,061 | 3,796  |
|  Grand Total... |   | 2,232,837 | 1,338,437 | 394,380 | 343,547 | 361,562 | 338,063 | 329,818 | 222,207 | 136,497  |

This content downloaded from

73.69.208.150 on Sun, 23 Mar 2025 01:59:48 UTC

All use subject to https://about.jstor.org/terms