TABLE VIII.

Civil Condition by

Religion and Age.

All Religions.

TABLE VIII. PART A—Concluded.

|  (3) Widowed.  |   |   |   |   |   |   |   |   |   |   |
| --- | --- | --- | --- | --- | --- | --- | --- | --- | --- | --- |
|  Age Periods.  |   |   |   |   |   |   |   |   |   |   |
|  45-49. |   |   | 50-54. |   | 55-59. |   | 60 and over. |   | Age not stated.  |   |
|  Males. | Females. | Males. | Females. | Males. | Females. | Males. | Females. | Males. | Females. | Males.  |
|  23 | 21 | 25 | 26 | 27 | 28 | 29 | 30 | 31 | 32 |   |
|  1 | Bangalore | 1,695 | 7,203 | 2,433 | 11,265 | 1,549 | 5,332 | 5,973 | 20,854 | 38  |
|  2 | Kolar | 1,852 | 6,206 | 2,516 | 9,980 | 1,475 | 4,681 | 5,692 | 18,536 | 11  |
|  3 | Tandur | 1,746 | 6,686 | 2,214 | 9,472 | 1,332 | 4,186 | 4,583 | 14,255 | 8  |
|  4 | Myron | 2,073 | 13,435 | 2,853 | 10,798 | 1,936 | 10,420 | 6,542 | 30,336 | 10  |
|  5 | Havan | 1,138 | 5,504 | 1,490 | 8,275 | 963 | 4,083 | 2,920 | 11,563 | 1  |
|  6 | Shimoga | 1,979 | 5,488 | 2,651 | 7,870 | 1,631 | 4,187 | 3,581 | 9,617 | 1  |
|  7 | Kadar | 1,020 | 2,777 | 1,279 | 4,795 | 702 | 2,323 | 1,758 | 5,377 | 1  |
|  8 | Chitabhag | 1,337 | 4,232 | 1,478 | 5,120 | 1,141 | 3,166 | 3,197 | 8,243 | 2  |
|  Total |   | 12,769 | 57,561 | 16,911 | 76,884 | 10,720 | 38,298 | 31,216 | 118,781 | 72  |
|  The Civil and Military Station. |   | 119 | 807 | 271 | 1,580 | 123 | 515 | 783 | 2,871 | ...  |
|  Bangladesh. |   | 12,857 | 52,368 | 17,185 | 78,393 | 10,852 | 38,813 | 37,029 | 121,655 | 72  |

This content downloaded from

73.69.208.150 on Sun, 23 Mar 2025 01:59:48 UTC

All use subject to https://about.jstor.org/terms