TABLE VIII.

Civil Condition by

Religion and Age.

All Religions.

TABLE VIII. PART A—Continued.

|  District. | (2) Married.  |   |   |   |   |   |   |   |   |   |   |   |   |
| --- | --- | --- | --- | --- | --- | --- | --- | --- | --- | --- | --- | --- | --- |
|   |   |  Age-Periods.  |   |   |   |   |   |   |   |   |   |   |   |
|   |   |  40-44. |   | 45-49. |   | 50-54. |   | 55-59. |   | 60 and over. |   | Age not stated.  |   |
|   |   |  Males. | Females. | Males. | Females. | Males. | Females. | Males. | Females. | Males. | Females. | Males. | Females.  |
|   |   | 21 | 22 | 23 | 24 | 25 | 26 | 27 | 28 | 29 | 30 | 31 | 32  |
|  1 | Bangalore | 21,589 | 11,922 | 14,203 | 6,484 | 13,128 | 4,927 | 6,508 | 2,134 | 12,953 | 3,098 | 10 | 31  |
|  2 | Kolar | 18,534 | 9,130 | 11,494 | 4,507 | 10,988 | 3,584 | 5,148 | 1,356 | 10,844 | 2,047 | 55 | 12  |
|  3 | Tumkur | 16,627 | 7,289 | 11,029 | 3,986 | 9,036 | 2,822 | 4,383 | 1,174 | 7,959 | 1,522 | 22 | 33  |
|  4 | Mysore | 32,979 | 18,742 | 22,933 | 11,126 | 20,684 | 8,162 | 11,127 | 3,760 | 19,014 | 4,310 | 11 | 16  |
|  5 | Hassan | 13,700 | 6,918 | 9,004 | 3,852 | 8,064 | 2,840 | 4,097 | 1,438 | 6,814 | 1,854 | 6 | 6  |
|  6 | Shimoga | 13,944 | 5,526 | 8,993 | 3,041 | 8,216 | 2,340 | 4,300 | 1,050 | 5,688 | 1,172 | ... | 4  |
|  7 | Kadar | 9,097 | 3,403 | 5,730 | 2,446 | 5,057 | 1,197 | 2,311 | 661 | 3,440 | 836 | 1 | ...  |
|  8 | Chittabhury | 10,334 | 4,911 | 7,278 | 2,630 | 6,085 | 1,949 | 3,611 | 1,005 | 5,382 | 1,209 | ... | 1  |
|   | Total... | 136,804 | 67,931 | 90,064 | 38,072 | 81,258 | 27,821 | 41,485 | 12,578 | 72,094 | 16,048 | 105 | 103  |
|   | The Civil and Military Station, Bangalore... | 2,638 | 1,831 | 1,375 | 736 | 1,827 | 806 | 677 | 176 | 2,336 | 398 | 1 | 2  |
|   | GRAND TOTAL... | 139,442 | 69,762 | 92,039 | 38,808 | 83,085 | 28,627 | 42,163 | 12,754 | 74,430 | 16,446 | 106 | 105  |

This content downloaded from

73.69.208.150 on Sun, 23 Mar 2025 01:59:48 UTC

All use subject to https://about.jstor.org/terms