26

TABLE VIII. PART A. Continued.

|  District. | (1) Unmarried.  |   |   |   |   |   |   |   |   |   |   |
| --- | --- | --- | --- | --- | --- | --- | --- | --- | --- | --- | --- |
|   |   |  Age-Periods.  |   |   |   |   |   |   |   |   |   |
|   |   |  15-19. |   | 20-24. |   | 25-29. |   | 30-34. |   | 35-39.  |   |
|   |   |  Males. | Females. | Males. | Females. | Males. | Females. | Males. | Females. | Males. | Females.  |
|   |   |  11 | 12 | 13 | 14 | 15 | 16 | 17 | 18 | 19 | 20  |
|  1 | Bangalore | 23,476 | 2,314 | 15,067 | 757 | 7,307 | 537 | 2,777 | 457 | 1,409 | 264  |
|  2 | Kolar | 19,538 | 2,127 | 15,792 | 641 | 8,715 | 546 | 4,328 | 529 | 1,924 | 268  |
|  3 | Tundur | 22,402 | 2,528 | 16,156 | 892 | 8,989 | 853 | 3,341 | 697 | 1,765 | 435  |
|  4 | Mysore | 41,107 | 7,801 | 22,595 | 2,874 | 10,988 | 1,684 | 4,569 | 1,157 | 2,400 | 756  |
|  5 | Hassan | 20,927 | 5,504 * | 13,213 | 1,166 | 6,662 | 576 | 2,818 | 390 | 1,325 | 244  |
|  6 | Srinivaga | 22,568 | 4,126 | 14,556 | 1,828 | 8,674 | 1,459 | 4,507 | 1,267 | 2,814 | 762  |
|  7 | Kadar | 14,647 | 3,175 | 10,496 | 788 | 5,992 | 524 | 2,809 | 344 | 1,456 | 292  |
|  8 | Chittadong | 13,894 | 2,132 | 11,015 | 870 | 6,443 | 711 | 2,678 | 599 | 1,508 | 352  |
|   | Total... | 178,559 | 29,737 | 118,890 | 9,816 | 63,770 | 6,890 | 28,327 | 5,440 | 11,601 | 3,373  |
|   | The Civil and Military Station, Bangalore... | 3,810 | 1,209 | 3,665 | 501 | 1,450 | 260 | 423 | 158 | 162 | 92  |
|   | Grand Total... | 182,369 | 30,946 | 102,555 | 10,317 | 63,220 | 7,150 | 28,750 | 5,598 | 11,763 | 3,465  |

27

This content downloaded from

73.69.208.150 on Sun, 23 Mar 2025 01:59:48 UTC

All use subject to https://about.jstor.org/terms