. VUL.—PART . IL.—AGE AND CIVIL CONDITION BY DISTRICTS.—NALGONDA DISTRICT.
S, Communities . . F
No. and Ages. POPULATION UNMARRIED MARRIED WIDOWED DIVORCED
——__——— OS FO Os OO OOH
- Persons = Males “Females Persons = Males “Females Persons. = Males Females Persons Males Femules =P. = M. F.
1 a 8 4 5 6 7 8. o° 10 n 12 13 4 1 16 (OT
1 ALG Come. 1,275,352 655,966 619,486 490,445 299,094 191,351 658,337 330,353 327,984 121,013 24,910 96,103 5,557 1,609 3,948

O—1 .. 37,091 17,077 20,014 37,069 17,077 19,992 as 38 28 . om as

1— 5 «+ 161,202 82,310 78,892 155,754 80,205 75,549 5,323 2,052 3,271 125 53 . +. eo. o-

5—10 ++ 156,174 81,118 += 75,056 131,653 77,822 «54381-23847 8,684 20,168 627 no oly 47 2 45
10—15 145,487 77,524 67,963 89,682 59,007 80,675 52,682 17,574 35,108 2,499 911,588 O24 BR 59D
15—20 137,320 68,522 «68,798 += 40,313 85,852 4,961 93,401 82,255 61,146 3,362 882 2,480 244 33 211
20—80 ++ 206,894 108,752 98,142. 27,348 24,584 2,854 166,321 81.954 84,367 12,252 2,080 10,222 933 234 699
30—40 ++ 172,356 88,857 88,999 4,417 8,060 1,857 145,766 81,887 64,429 21,032 8,595 17,487 1,141 365 776
4050. , 120,689 60,455 «60,284 = 2,001 1,148 858 90,744 + 54,122 86,622 26,903 4,811 22,092 1,041 379 602
5060... | «77,787 + +—-41,888 = 86,899 1,259 800 450 49,463 85,044 14,419 26,184 5,284 20,950 881 310 571
60 &over ., 60,352 30,468 29,889 ‘909 594 815 30,768 «22,881 «8,487 28,029 7,284 20,745 646 254 802

2. Brakmos ic * 13,610 = 6,570 7,040 5,493 2,751 2,742 7,155 3,546 «3,609 = 962-273 O89 wee .
jus. .
$ O° as 443 214 229 443 214 229 a re - . ig a we "

1-5 4. 1,403 589 814 1,387 578 809 16 un 5. t fe ue he
5-10, 624 136 438 530 158 3872 94 28 66 . wa aOR
10-15... 1,689 750 939 1,180 570 610 502 180 822 9 ae i Jee see
15-20. 1,919 871 1,048 1,182 539 643 709 327 BR 28 5 a
20-80... 2,665 1,674 991 718 645 73 1,832 998 889115 86 a rr
80-40, 1,833 ‘818 1,015 34 29 5 1,627 750 = 877-~—«172 9 188
40-50. 1,326 639 687 10 9 1 (1,137 587 550,179 48 (186 ewe i
5060, 1,092 540 “B52 - 6 6 a 870 468 = 402,216 66 «150 ee ewe
60 &over -: 616 289 827 3 8 % 368 202 «166 = 245 Cre Co

8. Other Hindus 833,282 429,719 403,563 312,416 192,408 120,008 429,899 217,890 212,009 87,433 18,251 69,182 3,534 1,170 2,364
O—1  .. 24,850 11,7386 «18,114 24,842 11,786 18,106 8 as . x ze ws “eek te

1—5 —.. 104,359 54,425 49,934 99,807 52,564 947,248 4,462 1,810 2,652 90 51 Mi ve, ue ee

5-10... 107,404 54,887 52,567 87,555 452,158 85,807 19,283 2,577 16,706 525 102 423 41 -. 41
10—15 —.., 96,890 50,808 = 45,992 54,904 = 86,842 «18,562 39,228 += 18,645 25,588 2,206 «891 «1,815 552-20 8D
1520 «92,784 «= 48,017 49,767 24,819 22,848 2471 65,092 19,846 45,246 2,721 801 1,920 152 22 180

. 20-80 .. 128,075 68,684 = 59,891 14,494 18,252 1,242 104,042 58,851 50,191 9,018 1,480 7,588 521 151 370
8040. 112,124 59,424 = 52,700 3,082 2,259 b23 93,599 54,879 30,220 14,871 2,552 12,819 572 234 888
40—50 ++ 76,404 89,292 87,112 1,365 G41 624 55,233 34,938 20,295 19,120 38,827 15,798 686 286 400
50—60 —.. 50,767 27,297 28,470 934 606 828 © 31,083 «28,015 8,068 18,185 3,485 14,750 565 241 824
Go Gover .. 39,625 20,109 19,516 614 402 212 17,869 «18,829 4,040 20,697 5,662 15,085 445 216 220
