VIL_PART,IL_-AGE AND CIVIL CONDITION BY DISTRICTS_
NALGONDA DISTRICT.
Communities
No.
and Agcs
POPULATION
UNMARRIED
MARRIED
WIDOWED
DIVORCED
Persons
Males
Females
Persons
Malcs
Females
Persons
Males
Females
Persons
Males  Femules
10
11
12
18
14
15
18
17
ALL COM-
1,275,352
655,966
619,286
490,445
299,094
191,351
658,337
330,353 327,984 121,013 24,910
96,103 5,557 1,609 3,948
MUNITIES.
0 
37,091
17,077
20,014
37,069
17,077
19,992
22
22
1_ 6
161,202
82,810
78,892
155,754
80,205
75,540
5,323
2,052
3,271
125
53
72
5_10
156,174
81,118
75,056
131,653
77,322
54 381
23,847
3,68+
20,103
627
110
517
47
45
10
-15
145,487
77,524
67,963
89,682
59,007
30.675
52,682
17,574
35,108
2,499
911
1,588
82+
3
592
15
20
137,320
08,522
08,798
40,313
85,352
4,961
93,401
82,255
61,146
3,362
882
2,480
244
211
20 80
206,894
108,752
98,142
27,388
24,53+
2,854
166,321
81.95+
84,307
12,252
2,030
10,222
933
234
899
80
40
172,356
88,857
88,999
4,417
3,080
1,857
145,766
81,387
64,429
21,032
8,595
17,87 L,141
305
776
40
-50
120,689
60,455
80,284
2,001
1,148
858
90,744
54,122
86,622
26,903
4,811
22,092 1,041
879
862
50
Go
77,787
41,888
80,899
1,259
800
459
49,463
85,044
14,419
26,184
5,23 +
20,050
881
310
571
60 & ovcr
60,352
30,468
29,889
909
594
30,768
22,331
8,487
28,029
7,28+
20,745
646
25+
892
Brahmanic
13,610
6,570
7,040
5,493
2,751
2,742
7,155
3,546
3,609
962
273
689
Hindus .
0_
443
214
229
443
214
229
1_ 6
1,,403
589
814
1,387
578
809
5_10
624
186
438
530
158
872
96
28
66
38
116
1,689
750
939
1,180
570
610
502
180
322
20
1,919
871
1,048
1,182
539
643
709
327
382
28
23
20-
80
2,665
1,674
991
718
645
1,832
993
839
86
79
4
40
1,833
818
1,015
i6
2
7
1,627
750
877
E
130
55o
1,326
639
887
1,137
587
550
3
130
50
60
1,092
546
552
870
468
402
150
60 & over
616
289
827
8
368
202
166
245
84
161
Other Hindus
833,282
429,719
403,563
312,416
192,408
120,008
429,899
217,890
212,009
87,433
18,251
69,182 3,534 1,170 2,364
24,850
11,736
13,114
24,842
11,736
13,106
9
104,359
54,425
49,93+
99,807
52,504
47,2+8
4,462
1,810
2,652
90
51
89
5-10
107,404
5+,887
52,567
87,555
52,158
35,307
19,283
2,577
16,700
525
102
423
41
10 -15
96,890
50,898
45,992
54,904
80,842
18,562
39,228
18,645
25,588
2,206
801
1,315
552
20
15
20
92,784
48,017
49,787
24,819
22,348
2,471
65,092
19,846
45,246
2,721
801
1,920
152
22
130
20
-80
128,075
68,684
59,391
14,494
18,252
1,242
104,042
53,851
50,191
9,018
1,430
7,588
521
151
870
30
50
112,124
59,42+
52,700
3,082
2,259
823
93,599
54,379
30,220
14,871
2,552
12,819
572
234
338
50
76,404
89,292
87,112
1,365
741
62 +
55,233
34,938
20,=
19,120
8,327
15,793
686
286
4O
60
50,767
27,297
23,470
934
606
828
31,083
23,015
8,068
18,185
3,435
14,750
565
241
824
Uu & over
39,625
20,109
19,516
614
402
212
17,869
18,829
4,040
20,697
5,662
15,035
445
210
220
815
532
'205