VII. PART. II.-AGE AND CIVIL CONDITION BY DISTRICTS.-NALGONDA DISTRICT.
S.
Communities
No. and Ages.
POPULATION
UNMARRIED
MARRIED
WIDOWED
DIVORCED
Persons Males Females Persons Males Females Persons
Males Females Persons Males Females P.
M.
F.
1
2
3
5
6
7
8.
9
10
11
12
13
14
15
16
17
1. ALL COM-
1,275,352 655,966 619,386 490,445 299,094 191,351 658,337 330,353 327,984 121,013 24,910 96,103 5,557 1,609 3,948
MUNITIES.
0-1
15
5-10
37,091
161,202
.. 156,174
10-15
145,487
17,077 20,014
82,310 78,892 155,754
81,118 75,056 131,653
77,524 67,963
37,069 17,077
80,205
19,992
75,549
22
22
5,323
2,052 3,271
125
53
72
77,322
54 331
23,847
89,682
59,007
15-20
137,320 68,522 68,798
40,313
35,352
20-30
206,894
108,752
98,142.
27,388
24,534
30-40
172,356
88,857 83,999
4,417
3,060
40-50
..,120,689
60,455
60,234
2,001
1,143
50-60
77,787
41,388
36,899
1,259
800
60 & over
60,352
30,468
29,889
909
594
815
30.675 52,682
4,961 93,401
166,321
2,854
1,357 145,766
858 90,744
459 49,463
30,768
3,684 20,163
17,574 35,108 2,499
32,255 61,146 3,362
627
110
911
517 47
1,588 624
882
2,480 244
81.954 84,367 12,252
81,387 64,429 21,032
54,122 36,622 26,903
2,030
10,222
933 234 699
3,595
17,437 1,141
365
4,811
22,092 1,041
35,044 14,419 26,184
22,331 8,487 28,029
5,234 20,950 881
7,284 20,745
646
2. Brahmanic
Hindus.
0-1
1-5
5-10
10-15
13,610
6,570
7,040
5,493
2,751
2,742
7,155
3,546 3,609
962
273
689
::ཡཿཨྰཿ:
2
45
32 592
211
776
662
571
254
392
15-20
20-30
:::::
443
214
229
443
214
229
1,403
589
814
1,387
578
809
16
11
::
624
186
438
530
158
372
94
28
66
1,689
750
939
1,180
570
610
502
180
322
7
1,919
871
1,048
1,182
539
643
709
327
382
28
23
:::::
2,665
1,674
991
718
645
78
1,832
993
839
115
36
79
30-40
1,833
818
1,015
34
29
5
1,627
750
877
172
39
138
40-50
1,326
639
687
10
9
1
1,137
587
550
179
43
136
50-60
1,092
546
.552
60 & over
616
289
827
. 6
3
6
870
3
: :
468
402
216
66
150
368
202
166
245
84
161
3. Other Hindus 833,282
429,719 403,563 312,416 192,408 120,008 429,899 217,890 212,009 87,433 18,251 69,182 3,534 1,170 2,364
0-1
1-5
5-10
10-15
15-20
92,784
24,850 11,736 13,114 24,842
104,359 54,425 49,934 99,807
.. 107,404 54,837 52,567 87,555
96,890 50,898 45,992 54,904
43,017 49,767 24,819
22,348
11,736 13,106
8
52,564 47,2-43 4,462
52,158 35,397 19,283
36,3-12 18,562 39,228
2,471 65,092
8
1,810 2,652
90
51
39
525
20-30
128,075
68,684
59,391
14,494
18,252
30-40
112,124
59,424
52,700
3,082
2,259
1,242
823
40-50
76,404 39,292 37,112
1,365
741
624
104,042
93,599
55,233
50-60
60 & over
50,767
39,625
27,297 23,470
934
606
828
20,109
19,516
614
402
212
31,083
17,869
2,577 16,706
18,645 25,588 2,206
19,846 45,246 2,721
53,851 50,191 9,018
54,379 39,220 14,871
34,938 20,295 19,120
23,015 8,068 18,185
13,829 4,040 20,697
1,430 7,588 521 151 370
2,552 12,319 572 234 338
3,327 15,793 686 286 400
3,435 14,750 565 241 824
5,662 15,085 445 21-6 229
102
423
41
:::
41
891
801
1,315 552
1,920 152
20
532
22 130