TABLE VII.
Age, Sex and Civil Condition Part II. Districts.
TABLE VII.
AGE, SEX & CIVIL CONDITION.
64
POPULATION
UNMARRIED
MARRIED
WIDOWED
District
Religion and Age
Persons
Males
Females
Persons
Males
Females
Persons
Males
Females
Males
Females
1
Nalgonda
All Religions
1,133,409
580,897
552,512
455,748
7
274,799
D
10
11
12
14
180,949
576,842
288,587
288,255
100,819
17,511
83,308
0-1
35,418
16,738
18,680
35,385
16,735
1-3
158.767
78,237
80,330
153,244
77,274
18,650
75,920
33
30
5,330
947
4,383
193
16
177
5
10
147,732
76,174
71,558
123,003
71,
51,502
24,105
4,040
19,45
624
33
541
10-13
130,205
70
84,567
58,721
25,816
44,678
11.614
33,061
960
614
896
15-20
104.454
32,(IND
32,174
29,593
20,528
3,063
72,740
47,401
2.121
213
1,908
201,848
14253
22,525
19,712
2.813
169,367
77,53
91.006
9,956
1,422
30 10
146,629
73,740
70,
3,712
2.370
1,342
124,464
70,8-19
53,615
18,453
2,521
15,32
40 30
99,874
33,000
44,271
1,764
1117
767
74,382
50,673
23,709
23.728
3,903)
19,798
50
G2
61,750
33,886
27,864
983
543
4-4
39,147
29,016
10,101
21,620
4,207
60 and over
46,732
21,118
23,284
972
118
354
22,596
18,015
4,581
23,164
5,015
18,19
Hindu (Brahmanic)
780,440
399,249
381,191
304,032
184,166
119,866
401,111
201,897
199,214
75,297
13,186
62,111
0-1
23,810
1---5
106,598
11,196
51,863
12,61
31,783
23,794
11.193
12,001
102,156
51,126
51,030
16
4,288
13
721
3,54
154
13
141
5-10
102,084
82,498
48,523
3,973
19,063
3,640
15,414
523
1407
10-13
13 20
90,197
8,1
41,304
56,010
311,745
16,265
33,766
9,190
24,370
721
48
663
73,121
36,668
19,213
17,9
1.874
52.257
18,954
1,651
160
201
30
138,764
67,813
70,931
14,904
13,KIS
1.866
116,095
5:3,00
7,765
1,083
6,682
34 10
100,691
18,11:30
2,666
1,71
872
84,194
48,622
35,572
13,831
1,945
11,886
40
50
68,097
37,844
1,305
17:3
49,261
34,198
15,068
17,531
2,978
14,53
50-40
43,946
21.197
19,719
786
423
361
27.113
20,549
6,564
16,047
12,824
60 and over
32,832
16,82
16,50
700
2012
15,058
12,321
2,737
17,074
3,700
13,374
Adi Hindu
208,980
106,897
102,083
85,605
51,687
33,918
107,552
52,644
54,908
15,823
2,566
13,257
0-1
7,054
3,151
3,13
7,046
3,151
1--3
31,015
15,323
15,602
30,424
15,206
3,895
15,218
5-10
26,058
13,607
12,451
22,513
13,069
9,451
561
3,487
115
446
30
28
5:15
2,052
58
55
10-15
23,010
12,619
10,361
15,499
11,055
7,319
1,590
5,729
192
4
188
13-20
18,876
9,390
1.486
5,502
5,176
326
13,006
4,186
8,820
368
28
340
20-30
37.774
18,179
11,
3,875
3,581
294
32,365
14,362
18,00X3
1,534
2:16
1,29K
30-10
27,593
13,847
13,746
371
240
131
24,171
13,201
30,17
3,051
343
2,708
40-50
20,006
10,039
9,067
181
112
69
15,778
10,269
5,509
4,047
558
3,489
50-64)
10,430
5,800
4,630
107
55
52
6,955
5,106
1,849
3,368
6:30
2,720
60 and over
7,164
4,012
3,152
87
4:2
45
3,902
3,217
685
3,175
753
2,422