‘Srl. — . POPULATION UNMARRIED MARRIED WIDOWED DIVORCED
No. Oo TSF Oh Ss SO — pcccnahimeceaciiniellininasaiomaicons —_—_—A
Persons Males Females’ ‘Persons Males ‘Females “Persons Males Females Persons Males Females ‘P.M,
- 2 8 4 5 6 7 8 ° 9 10 i 12 18 14 15 16 WwW
1 ALL COM: 803,115 409,065 394,050 260,600 152,879 107,721 456,924 231,193 225,731 80,690 23,419 57,271 4,901 1,574 3,327
MUNITIES.

_ O- 1 4, 22,066 11,181 10,885 21,846 += 11,092 10,754, 220 89 «sls “8 “s cn ssh
1-5 4. 95,398 47,974 47,424 92,573 46,853 45,720 2,644 = 1,121 1,528 181s Crees
5-10 «, 90,510 45,088 = 45,427 68,286 80,805 «= 28,081 21,851 5,767 16,084 373 u 8 a. ae, %
10-15 «. 86,455 47,089 80,866 © 48,086 = 82,878 «15,708 37,569 = 14,627 22,942 «791 8 78 9 CL
1520... 68,758 82,164 86,594 «14,624 10,972 «8,652 «B2,285 «20,549 81,786 1,657 578 1,079 192 65 127

‘
20-80, 133,641 64,568 69,078 §— «8,899 7,522 1,877 116,467 53.961 62,506 7,322 2,755 4,507 953 S25 628
30-40, -106,989 58,920 53,089 += 3,023 2851 072 88,967 47,282 41,685 14,106 8,980 10,126 893 307 586
40-50... 87,173 47,809 80,864 «1,594 1,148 451 68,273 41,088 26,610 16,308 4,743 11,505 998 290 708
50-60 .. 65,615 84,887 80,778 979 714 265 45,100 29,057 16,048 18,575 4,788 13,792 961 288 678
60 over .. 46,510 24,445 22,065 690 549 141 23,548 17,107 6,441 21,377 6,486 14,891 895 3808 592

2, Brahmanic 14,171 7,320 6,851 6,186 «3,131 «3,055 6,963 3,686 3,277 1,022 503 BIN _

Hindus. . e

: o—1 a 849 445 404 849 445 404 i m a we ae wa ae we oe
1-5 5. 1,830 980 850 ‘1,830 980 8500 - a a a a we ee (ae
B10. 1195 520 675 = 1,142 518 624 53 2 Slo. Fe a oe 8 &
w-15 ws 1,254 486 768 1,034 421 613 220 65 («155 io . cn eee
i520 «1,573 701 872 923 456 467 633 241 «802 17 4 MB! ge tee ine
20-80 .. 2,099 1,151 948 357 261 06 = -1,650 861 789 92 29 Cow ss ws
Bo40iws 973118 788 35 34 1 1,787 «1,067 720, BL 84 ae ee
40-50 ., «1,578 ‘878 705 11 ere 1,344 741 608 223 Il 2 .. ww
50-60 «S194 687 557 4 a we 943 495 «448 «o247)s*dBBes—Ci‘OD ww
60 &over .. 626 842 284 1 a, 333 214 9 292 27 15 ww

8, Other Hindus. 457,328 233,288 224,040 139,161 84,139 55,022 268,325 135,260 133,065 46,612 12,938 33,674 3,230 951 2,279

o-1 .. 12474 6,601 5,873 12,388 6,566 5,822 86 85 Bl. s a a
15 ., 53,761 = 26,056 = 27,705 52,254 925,474 = 26,780 1,431 582 849 1 4. 16 is ah
B10 ws «51424 = 28,050 28,874 © 37,155 28,762 «18,808 «14,033 4,286 9,747 = 236 n,n

10-15 =... 49,136 = 28,516 20,620 26,304 = '19,777 «6,527 © «22,255 = 8,686 13,569 «= 576 nr ee oer 1
15-20... 35,786 14,716 = 21,070 4,427 8,461 966 © 30,364 +«=«10,896 19,468 «911 825 8G B44 BO
20-80 ., 75,267 86,049 89,218 2,733 2,099 634 68,380 82,211 86,160 3,516 1,542 1,974 638 197 441
30-40 =.,-—«62,740 += -20,859 = 82,881. 1,795 1,409 886 51,870 26,345 25,525 8,482 1,926 6,556 593 179 414
40-50... 52,149 28,558 28,596 942 678 264 40,642 25,110 15,582 9,856 2,577 7,279 709 188 521
50—60 +» 37,072 19,424 17,648 668 513 155 25,359 16,219 9,140 10,378 2,581 7,847 667 161 506
OO dover ., 27,519 15,464 12,055 495 400 95 13,905 10,890 38,015 12,581 8,982 8,599 538 192 846
