TABLE VII.
Age, Sex and Civil Condition Part II. Districts.
TABLE VII.
AGE, SEX AND CIVIL CONDITION.
70
POPULATION
UNMARRIED
MARRIED
WIDOWED
District
Heligion and Age
Persons
Males
Female
Prisons
Males
Females
Persons
Makes
Females
Persons
Males
Females
6
H
"
10
11
12
13
14
Nander
All Religions
1
1
722,081
22.203
92,814
367,170
11,479
354,911
232,290
10,7:2
21.624
85,651
138,551
11,0
93,739
10,556
414,053
208,240
205,813
75,738
20,379
55,359
566
405
161
13
7
42,417
6,685
2,578
4,307
478
1337
341
5
10
90,159
17,730
62.387
21,867
26,799
16,935
973
372
601
10
15
77.995
$1,202
37.220
23, 117
11,
39,510
15,262
21,248
1,265
523
742
13-20
64.123
32.471
10,826
1,495
51,715
21,627
30,088
1,582
4154
888
130,983
63,118
8.644
7,43
1,179
115,796
60,02
6,543
2,389
4,355
גון:
14
96.499
48,050
2.612
1,1
614
80,521
42,484
34,01:17
13,366
1,568
9,7H
30
74,277
33,5
1,566
1,134
4:32
54.049
2,71
21,250
18,662
4,459
14,203
50-60
42.106
22,174
19,92
1,062
812
2
24,230
17,255
6,975
16,814
4,077
12,737
a and over
30,922
13,068
13,831
698
342
156
14,182
10,372
3,810
16,042
4.154
Hindu (Brahmanic)
479,445
244,003
235,442
144,364
87,400
56,964
280,325
141,355
138,970
54,756
15,248
39,508
0-1
14,255
7,214
7,0111
14,016
7,1X35
6,972
58,253
28,761
53,349
27,610
23,70
233
4,679
166
1,7
67
2,806
225
63
162
5-10
58.477
27.225
38,891
24,0
14.298
18,925
6,907
12,018
661
217
414
10
13
$2,005
21,671
23.469
16,23
7.213
27,637
10.718
16,919
899
360
500
13 20
42.167
20,463
21,704
6.076
85
34,946
14,7:3
20,213
1,145
5417
6:38
200
86,653
4,635
3,005
77,319
37,427
4.699
1,773
2,120
30 10
66.461
33,144
1,600
1,256
350
55,169
9.686
2,650
7,1X36
30
50.311
23,913
21396
1.070
835
213
35,636
21,608
14,028
13,605
3,432
10,153
30
0
29,466
14,637
823
1:10
16.421
11,851
4,570
12,222
3,103
9,119
40 and over
21,397
10,38
11,049
429
9,360
6,124
2.436
11,608
3,089
8,519
Adi Hindu
141,820
71,492
70,328
46,495
27,449
19,046
83,141
40,929
42,212
12,184
3,114
9,070
01
5.015
1:18'
2,172
4.741
2,614
2,127
270
28
1
1-3
19.153
9,431
17.701
8,914
H,7H7
1.270
469
801
182
48
134
5-10
18,359
9,619
8,7-40
12.599
7,530
5,049
3,552
1,977
3.575
208
112
116
10-15
15,222
7,NIX
6,575
4.118
2,157
8,391
256
129
15-20
12.742
6,317
1.789
1,514
273
10,719
1,690
6,029
234
113
121
20-30
26.834
13,371
B.16
1.894
1.612
23,895
11,3
12,556
1,045
3
30-0
17,778
8,85
8,133
565
-1417
138
15,019
7,795
7,221
2,194
1,571
40-50
13,663
66,519
7,114
326
102
164
10.306
5.757
4,549
3,031
2,401
30
60
7.572
4,068
3,504
116
43
4,887
1,449
2,569
557
2,012
00 and over
5,482
2,69
2,853
189
135
2,832
1,981
H.31
2,461
5:3
1,12
Muslim
81,155
41,667
39,488
33,102
19,120
13,982
40,955
21,178
19,777
7,098
1,369
5,729
0-1
2.237
1,008
1,139
2.174
1,087
1,087
60
10
50
3
1-3
12.096.
3,130
1,7:37
11,453
5.118
596
367
47
12
35
5-10
10,719
الاترة
5,173
8.740
1,017
1,905
811
3,004
74
12
622
10 15
8,658
5,020
3,638
5,850
3,89
1,861
2,726
1,014
1,712
82
17
415
13-20
7.630
4,112
3,188
2,548
2,272
276
4,942
1,812
3,100
140
28
112
20-30
14.220
7,29)
1,749
216
11,823
5,617
6,206
648
140
508
13010
9.961
4,878
5,03
329
214
8.5
8.390
3,969
1.242
213
1,029
40-50
8.677
3,0014
3,613
113
41
6.885
4,704
2,181
1,679
261
1,418
30-60
3.939
1,835
2,084
88
55
2,212
1.304
708
1,639
290
1,343
60 and over
3,018
1,415
1,573
58
28
1,416
1,026
390
1,544
1,155