Srl:
Communitie8
POPULATION
UNMARRIED
MARRIED
WIDOWED
DIVORCED
No
and
Age
Persons
Males
Females
Persons
Males
Females
Persons
Males
Females
Persons
Males
Females
P.
,
F.
10
11
12
18
14
15
16
17
1 ALL COM:
803,115
409,065
394,050
260,600
152,879
107,721
456,924
231,193 225,731
80,690
23,419
57,271 4,901 1,574 3,327
MUNITIES:
0 =
22,066
11,181
10,885
21,846
11,092
10,754
220
89
181
1 5
95,398
47,974
47,424
92,573
46,853
45,720
2,644
1,121
1,523
181
5-10
90,510
45,088
45,427
68,286
89,305
28,081
21,851
5,707
16,084
373
11
862
10_15
86,455
47,089
39,866
48,086
32,378
15,708
37,569
14,627
22.942
791
83
708
15
20
68,758
82,164
80,594
14,624
10,972
8,652
52,285
20,549
81,786
1,657
578
1,079
192
85
127
20  80
133,641
64,588
89,078
8,899
7,522
1,877
116,467
53.901
62,506
7,322
2,755
4,567
953
325
028
30   40
106,989
53,920
58,069
3,023
2,351
072
88,967
47,282
41,085
14,106
8,980
10,126
893
586
40
50
87,173
47,809
39,364
1,594
1,148
451
68,273
41,033
26,640
16,308
4,743
11,505
998
290
708
50
80
65,615
34,837
80,778
979
714
205
45,100
29,057
16,048
18,575
4,788
18,792
961
288
678
80 & ovCr
46,510
24,445
22,085
690
549
141
23,548
17,107
6,441
21,377
6,486
14,891
895
803
592
2. Brahmanic
14,171
7,320
6,851
6,186
3,131
3,055
6,963
3,686
3,277
1,022
503
519
Hindus:
8
0 = 1
849
445
404
849
445
404
1_ 5
1,830
980
850
1,830
980
850
5 10
1,195
520
675
1,142
518
624
53
51
10-15
1,254
486
768
1,034
421
613
220
65
155
16
20
1,573
701
872
923
456
467
633
241
802
17
18
20
80
2,099
1151
948
357
261
96
1,650
861
789
'8
29
68
80   40
1,973
1,185
788
35
34
1,787
1,067
720
84
67
40  50
1,578
873
705
41
11
1,344
741
808
223
121
102
50   60
1,194
637
557
943
405
448
292
188
109
60 & over
626
342
284
1
333
214
119
127
165
8. Other Hindus
457,328
233,288
224,040
139,161
84,139
55,022
268,325
135,260 133,065 46,612
12,938
33,674 3,230
951 2,279
0 = 1
12,474
6,601
5,878
12,388
6,566
5,822
86
85
51
1 5
53,761
26,056
27,705
52,254
25,474
20,780
1,431
582
849
76
76
5~10
51,424
28,050
28,874
37,165
23,762
18,398
14,033
4,286
9,747
236
234
10-15
49,136
28,516
20,620
26,304
19,777
6,527
22,255
8.686
18,569
576
58
528
50
15
~20
35,786
14,716
21,070
4,27
8,461
960
30,364
10,896
19,468
911
325
586
84
34
20
80
75,267
86.0+9
89,218
2,733
2,099
634
68,380
82,211
80,180
3,516
1,542
1,974
638
197
441
30
40
62,740
29,859
82,881
1,795
1,409
886
51,870
26,
25,525
8,482
1,026
6,556
593
179
414
40
50
52,149
28,558
28,596
942
678
264
40,642
25,110
15,532
9,856
2,577
7,279
709
188
521
50
80
37,072
19,424
17,648
668
518
155
25,359
16,219
9,140
10,378
2,531
7,847
667
161
506
80 & over
27,519
15,464
12,055
495
400
95
13,905
10,890
8,015
12,581
8,982
8,599
538
192
346
'181
307
,345