VIL_PART II_AGE AND CIVIL CONDITION BY DISTRICTS.
~NIZAMABAD DISTRICT
POPULATION
UNMARRIED
MARRIED
WIDOWED
DIVORCED
Srk:
Communities
No.
and ages
Pergong
Male8
Females
Persons
Males
Female8
P.
M:
Porson8
Males
Females
Pergons
Males
Females
10
11
12
18
14
15
16
17
1. ALL COM-
104,103
348,786
178,783 170 ,
63,069
15,521
47,548 2,247 1,300
947
MUNITIES:
647,043
324,442
322,601
232,941
128,838
22,744
10,985
11,759
22,507
10,845
11,682
234
140
94
18
5
68
87,980
48,287
44,808
79,029
86,997
42,082
8,876
938
13628
7628
48
380
75,851
39,079
36,772
53,682
81,677
22,005
33,308
12,261
21,241
740
103
637
48
82
1
10
38
67,079
38,862
38,717
32,725
20,958
11,767
33
15,746
21,491
1,389
244
1,145
187
16
54,047
26,498
27,540
15,234
10,441
4,793
37,237
,128
92,911
44,899
48,512
5,408
1,489
3,919
416
194
20
80
114,844
56.008
58,781
16,109
9,081
40,154
20,489
11,461
2,841
9,120
432
282
80
3
88,780
46,799
41,081
7,294
4,072
8,222
8583
25,717
18,468
16,,477
4,188
12,204
468
338
@
40
64,407
82,157
32,250
3,287
924
1,308
'186
8,868  44,196
9,723
T0,473
297
197
50
80
41,177
21,142
20,085
1,686
1,087
590
24,998
16,-
4,912
12,897
8,377
9,520
337
60 & over
30,134
15,070
15,064
1,388
856
532
15,512
10,600
2. Brabmanlc
10,585
4,992
5,593
4,766
2,388
2,378
5,186
2,491
2,695
633
520
8
Hlndu8 .
294
124
170
124
170
8
1,200
887
819
878
800
83
%
18
673
308
838
1
370
522
524
168
356
1
10-_15
1,470
558
750
366
404
524
187
887
16
"20
1,303
888
1,150
738
572
588
1,263
578
690
53
8
80
80
1,590
925
665
325
1,164
584
580
198
i
132
40
50
1,016
498
518
1
51
583
321
286
144
110
50
-60
767
418
819
37
75
163
185
00 & over
384
174
210
25
196
121
208,675
208,789
142,978
78,970
64,008
234,002
118,574 115,428  39,509
10,611
28,898
975
520
455
Other Hindus .
417,464
14,610
6,435
8,175
14,37
6,205
8,142
173
140
33
54
46
62,133
30,106
82,027
63,845
24,000
29,845
8,234
6,098
2,136
35
261
6
51,872
26,267
25,805
36,085
21,086
14,990
15,485
5,146
10,889
305
65
436
83
4
3
10
18
42,640
21,638
21,007
18,742
12,615
8,127
23,314
8,919
34,326
764
193
571
110
16
20
33,077
16,174
16,908
~6,603
4,702
1,841
25,600
11,174
5,926
5,082
896
63,705
29,999
88,700
3,027
981
2,046
229
104
125
20
72,887
38,116
36,771
772
43,582
24,783
18,799
7,893
1,624
6,260
80
3
54,818
28,888
25,985
Z6e
3,878
712
27,759
15,206
12,558
10,224
3,046
3,178
@:
40
40,205
19,718
'715
1,103
764
339
16,269
10,601
5,088
8,996
2,308
6,688
20
50
~80
26,470
13,755
12
987
650
387
9,881
6,508
3,378
7,754
2,351
5,408
130
80 & over
18,752
9,508
2,159
,003
287
113
}
}
9