VIL—PART I—AGE AND CIVIL CONDITION BY DISTRICTS.—NIZAMABAD DISTRICT
Srl. Communities POPULATION UNMARRIED MARRIED WIDOWED DIVORCED
alae — ee a Ss sw Presi ne
‘Persons Males Females Persons Males Females Persons Males Females Persons Males Females P. M = OFC
1 2 3 4 5 6 7 8 9 "10 n 12 18 4 15 16 «7
1. ALL COM- .

MUNITIES. 647,043 324,442 322,601 232,941 128,838 104,103 348,786 178,783 170,003 63,069 15,521 47,548 2,247 1,300 947
0-1 .. 22,744 10,985 11,759 22,507 10,845 11,662 234 40° % 8 Big oe ieee te
1-5 . 87,980 48,287 44,608 79,029 26,007 42,082 8,876 6,272 2,604 75. 18 ee
5-10. 75,851 89,079. 86,772 53,682 81,077. 22,005 21,738 7/359 14,879 «= 423 48. 380 BO 8
yolds 1) 672079««BB8O2«—«-SRTIT «32,725 «20,058 «1, T6T «33,502 12,201" 21,241 740 108 «= 637_-s«d1essi TD
15—20 «54,047 26,498 27,540 15,234 10,441 4,798 37,237 15,746 21,491 1,389 244 1,145 187 67 120
20—80 .. 114,844 56,008 = 58,781 16,109 9,981 6,128 92,911 44,899 48,512 5,408 1,489 3,919 416 194 222
B0—40 =... «88,780 «46,799 41,081 7,294 4,072 3292 69,593 40,154 20,499 11,461 2,041 9,120 432 282 200
40—50 «+ 64,407 82,157 82,250 3,287 1,924 1363 «44,185 25,717 18,468 16,477 4,183 12,204 458 3883 125
5060 .. 41,177 21,142 20,085 1,686 1,087 300 «24998 «161185 8,863 14,196 8,728 10,473 297 107 100

7 eet +. 30,134 = 15,070 15,06 = 1,388. ‘856 fe2«15'512-«'10,600.«4,912 12,897 3,877 9,520 337 287 100
he ic . w
Hindus. 10,585 4,992 5,593 4,766 2,388 - 2,378 5,186 2491 2,695 633 113, 520 - . ©
ao
o-1 . 294 124 170 294 124 170 wy “ % ae . ere ae
W5 . 1,200 887 818 1,173 378 800 27 4 18 * see ee
b-10 673 195 478 577 149 428 95 46 49 1 i 5 ne ers
wise 470 538 982 942 370 512 524 168 = 856 4 a yr rr nT)

15-20. «, ~—1,303 558 ‘750 770 366 404 524 187, 887 9 . De eee
20—80 oy 1 888 1,150 ‘738 572 568 4 1,263 573 690 53 9 44 o an
s0—40— ws S1,590 925 665 325 825 1,164 584 = 580102 16 BB ewe
40—50 yf 1,016 498 518 51 BL as 807 421 886 158 26 1320 . “
50—60 oo 167 448 319 37 37 “= 586 377 209 144 84 no. “e we
60 &over + 384 1% 210 25 25 ae 196 121 5 163 28 1350 oo oo

8, Other Hindus. 417,464 208,675 208,789 142,978 78,970 64,008 234,002 118,574 115,428 39,509 10,611 28,898 975 520 455
o-1 .. 14,610 6,435 8,175 14,437 6,205 8,142 173 140 Si ae es C a ee:
1-5 2. 62,133 80,106 82,027 53,845 = 24,000 29,845 8,234 6,098 2,186 54 8 re
5-10 0 1.-«BA,872 ©—«- 26,267 25,605 © 36,085 = 21,086 = 14,999 15,485 5,146 10,889 - 296 350 26l Cs 6

10-15 5. «42,640 «= 21,638 «21,007 18,742 12,615 6,127 23,314 8,919 14,895 501 65 «6 486 83 HAD
1520 - 1. 33,077 16,174 16,908 6,603 4,762 visa) 25,600 «LT4 14,426 764 198 HTL AO
20—80 .. 72,887 86,116 36,771 5,926 5,082 894 63,705 29,999 83,706 3,027 981 2,046 229 104 125
3040 :. «54,818 «28,888 «25,9853, 150 2,378 772 43,582 24788 18790 7,893 1,024 6,260 193 98 95
40-50 1. 40,205 «= :19,718 += 20,492 2,100 1,888 m2 27,759 15,206 12,558 10,224 3,046 7,178 122 73 49
50-80... 26,470 «=«:13,755 12,715 1,103 164 389 16,269 10,601 «5,668 8,996 2,808 6,688 102 82 20
€0&over .. 18,752 9,508 9,159 987 650 337° (9,881 6508 8,873 7,754 2,851 5,408 130 84 46
