VII. PART II-AGE AND CIVIL CONDITION BY DISTRICTS.-NIZAMABAD DISTRICT
98
Srl. Communities
POPULATION
UNMARRIED
MARRIED
No.
and ages
Persons
Males Females
WIDOWED
Persons Males Females Persons Males Females Persons Males Females P.
DIVORCED
M.
F.
1
2
5
6
7
8
9
10
11
12
18
14 15
16 17
1. ALL COM-
MUNITIES.
647,043 324,442 322,601 232,941 128,838 104,103 348,786
0-1
22,744
10,985 11,759 22,507
10,845
11,662
1-5
87,980
48,287
44,693
79,029
86,997
42,032
234
8,876
3
18
178,783 170,003 63,069 15,521 47,548 2,247 1,300 947
140
6,272
94
75
2,604
3
5-10
75,851
39,079.
36,772
53,682
81,677
22,005
21,738
7,359 14,879
423
10-15
67,079
33,362
33,717
32,725
20,958 11,767
33,502
12,261 21,241
740
15-20
54,047
26,498
27,549
15,234
10,441
4,798
37,237
15,746 21,491
1,389
20-30
114,844
56,008
58,781
16,109
9,981
6,128
92,911
44,899
48,512
5,408
1,489
80-40
88,780
46,799
41,981
7,294
4,072
8,222
69,593
40,154
29,439 11,461
2,341
40-50
64,407
32,157
32,250
3,287
1,924
1,363
44,185
25,717
18,468 16,477
50-60
41,177
21,142
20,085
1,686
1,087
599
24,998
16,135
8,868 14,196
60 & over
30,134
15,070
15,064
1,388
856
532
15,512
10,600
4,912 12,897
2. Brahmanic
Hindus.
10,585
4,992
5,593
4,766
2,388
2,378
5,186
2,491
2,695
633
0-1
294
124
170
294
124
1-5
5-10
10-15
15-20
:::::
170
1,200
887
813
1,173
378
800
27
14
13
673
195
478
577
149
428
95
46
49
1,470
538
982
942
370
572
524
168
356
1,303
558
750
770
366
404
524
187.
887
9
20-80
1888
1,150
738
572
568
1,263
573
690
53
30-40
1,590
925
665
325
325
40-50
1,016
498
518
51
51
50-60
767
418
319
37
37
60 & over
384
174
210
25
25
::::
1,164
584
580
101
807
421
886
158
586
877
209
144
196
121
75
163
པཝཎྜསྶ བྷཱཛུདྡྷབྷྱོཿདྡྷི  ུ ::;:; ཨཎྜཧྨཙྪནྟི
57
43 . 380
103
244
8
637 112
1,145 187
40
67
3,919 416
194
9,120 432
232
4,188 12,294 458
833
8,728 10,473 297
197
9,520 337
8,377
287
113
520
* * ::28 12:
72
120
222
200
100
100
9
44
16
85
26
132
110
28
135
3. Other Hindus. 417,464 208,675
208,789
142,978
78,970
64,008 234,002 118,574 115,428 39,509 10,611 28,898 975
520
455
0-1
14,610
6,435
8,175
14,437
6,295
1-5
62,133
30,106
32,027
53,845
24,000
5-10
51,872
26,267
25,605
36,085
21,086
10-15
42,640
21,633
21,007
18,742
12,615
15-20
33,077
16,174
16,908
6,603
4,762
173
8,142
29,845 8,234
14,999 15,485
6,127
1,841
140
6,098
5,146 10,389
33
2,136
54
8
46
296
35
261
6
6
23,314
25,600
8,919 14,395
501
65
436
83
34
11,174 14,426
764
193
571 110
45
20-30
72,887 36,116
36,771
5,926
5,032
894 63,705
80-40
54,818
28,883
25,935
3,150
2,878
772
43,582
40-50
40,205
19,713 20,492
2,100
1,388
712
27,759
50-60
26,470
13,755
12,715
1,103
764
389
16,269
60 & over
18,752
9,593
9,159
987
650
337
9,881
29,999 33,706
24,783 18,799
15,206 12,558 10,224
5,668 8,996
10,601
7,754
6,508 3,373
3,027
981
2,046 229
104 125
7,893
1,624
98
6,269 193
3,046
7,178 122
73
6,688
2,308
2,351
102
82
5,408 130
84
ANGE RE
49
65
95
49
20
46