TABLE VII.
Age, Sex and Civil Condition Part II.-Districts.
TABLE VII.
AGE, SEX & CIVIL CONDITION.
76
POPULATION
UNMARRIED
MARRIED
WIDOWED
District
Religion and Age
Perso
Males
Females
Persons
Males
Females
Persons
Males
Females
Persons
Males
Females
3
9
10
11
12
13
14
Osmanabad
All Religions
691,068
357,489
333,579
244,934
138,524
106,410
374,132
192,076
182,056
72,002
26,889
45,113
0-1
24,449
12.190
12,250
1-3
94,661
46,381
18.280
23,176
84.775
11,122
11,251
1.256
270
ING
17
9,444
3,704
5,70
442
248
195
5-10
85,887
43,378
62.152
27,2
22,879
8,517
14,32
856
401
4.55
10-13
77.831
43.047
27,73
33,570
12,676
20,894
1,214
500
714
13-20
58,731
29-458
29,273
13,293
10,712
انقرة
43,650
17,155
1,788
761
1,127
118,651
39.611
10,735
או:,7
99,929.
0475
50,154
7,987
2,702
93.982
49.187
44.
4,213
2,147
76.419
42,
3,586
13,320
20150
63.590
31,591
1,995
1177
1,018
45,539
107,א!
17,-1312
16,056
5,5 7
10,5
39,266
60 and over
34,020
19.00
16,841
14,970
867
411
453
2.3,994
681
3107
17,422
16,694
11,815
7,
5,007
14,405
5,317
1,0
15,917
6,88
1,021
Hindu (Brahmanic)
464,455
241,373
223,082
159,857
90,984
68,873
251,218
129,809
121,409
53,380
20,580
32,800
0---1
15,847
14.792
7,827
1,047
105
942
1
1-5
61,390
30,370
31,020
53.835
27,310
20,505
7,236
4, HIG
319
210
109
5 10
57,038
28,702
28.
40,072
2,273
17,70
16,347
6,117
10,20
619
312
307
10-13
$2,679
27,8IK
24,87
28.407
$8,5
11,12
23,289
14,405
983
424
559
15 20
20-330
30
40,066
2200 ,1000
10,677
9.247
7,537
1,710
29,402
12,213
17,189
1,417
778
80.060
40,436
306924
7,583
דאו!!
66,358
33,121
6,119
2,212
3,57
63,875
#3.982
29,913
3.301
1,122
50,747
21,737
9,827
6,17
10-50
43,384
19,788
1,517
GKS
914
29,950
18,735
11,215
11,917
4,258
7,659
50-60
26,912
13,343
11,467
689
308
ואו:
15,666
11,063
10,557
3,972
6,585
G and over
23,204
12,807
10,117
414
2012
212
11,176
11,614
5,132
6,582
Adi Hindu
131,904
66,921
64.983
46,989
26,135
20,854
74,389
37,257
37,132
10,526
3,529
6,997
4,852
22,415
19,368
5,49
2.4:37
10,299
4.680
2,270
2,410
168
142
26
18.055
8,617
9,438
1,225
417
808
88
53
5-10
16,892
8,48
8.261
12.577
7,153
4.141
1,401
2,740
174
72
102
10-15
13-20
20-30
14,412
7,42
6,810
7,931
5,241
2,617
6.373
2,280
108
38
70
10.516
1,767
1,435
8,567
до
5,064
182
126
22.630
0.912
11,718
1.193
861
332
20,472
9,797
10,675
965
254
711
17,669
8,1
8.735
357
218
139
15,405
8,225
7,180
1,907
491
1,410
40-50
11,706
6,287
5,419
199
340
57
9,212
5,451
3,761
2,295
04
1,601
50-00
7,318
3,075
79
45
34
4,972
3,419
2,267
779
1,488
60 and over
6,541
3,837
2,704
151
108
433
3,854
1,232
2,536
1,107
1,429