AGE, SEX &amp; CIVIL CONDITION.
76
TABLE VII.

TABLE VII.
Age, Sex and Civil Condition Part II.—Districts.

|  District | Religion and Age | POPULATION |   |   | UNMARRIED |   |   | MARRIED |   |   | WIDOWED  |   |   |
| --- | --- | --- | --- | --- | --- | --- | --- | --- | --- | --- | --- | --- | --- |
|   |   |  Persons | Males | Females | Persons | Males | Females | Persons | Males | Females | Persons | Males | Females  |
|  1 | 2 | 3 | 4 | 5 | 6 | 7 | 8 | 9 | 10 | 11 | 12 | 13 | 14  |
|  Osmanabad | All Religions | 691,068 | 357,489 | 333,579 | 244,934 | 138,524 | 106,410 | 374,132 | 192,076 | 182,056 | 72,002 | 26,889 | 45,113  |
|   | 0-1 | 24,449 | 12,199 | 12,250 | 23,176 | 11,922 | 11,254 | 1,256 | 270 | 986 | 17 | 7 | 10  |
|   | 1-5 | 94,661 | 46,381 | 48,280 | 84,775 | 42,129 | 42,316 | 9,444 | 3,704 | 5,710 | 442 | 248 | 194  |
|   | 5-10 | 85,887 | 43,378 | 42,509 | 62,152 | 31,460 | 27,692 | 22,879 | 8,517 | 11,362 | 856 | 401 | 455  |
|   | 10-15 | 77,831 | 40,909 | 36,922 | 43,047 | 27,733 | 15,311 | 33,570 | 12,676 | 20,894 | 1,214 | 500 | 714  |
|   | 15-20 | 58,731 | 29,458 | 29,273 | 13,293 | 10,712 | 2,551 | 43,650 | 17,955 | 25,695 | 1,788 | 761 | 1,027  |
|   | 20-30 | 118,651 | 59,611 | 59,040 | 10,735 | 7,384 | 3,351 | 99,929 | 49,475 | 50,454 | 7,987 | 2,752 | 5,235  |
|   | 30-40 | 93,982 | 49,187 | 44,195 | 4,213 | 2,066 | 2,117 | 76,449 | 42,863 | 33,586 | 13,320 | 4,558 | 8,762  |
|   | 40-50 | 63,590 | 34,591 | 28,999 | 1,995 | 977 | 1,018 | 45,539 | 28,107 | 17,432 | 16,056 | 5,57 | 10,519  |
|   | 50-60 | 39,266 | 22,125 | 16,841 | 867 | 411 | 453 | 23,994 | 16,694 | 7,300 | 14,405 | 5,317 | 9,088  |
|   | 60 and over | 34,020 | 19,050 | 14,970 | 681 | 397 | 284 | 17,422 | 11,815 | 5,607 | 15,917 | 6,838 | 9,079  |
|   | Hindu (Brahmanic) | 464,455 | 241,373 | 223,082 | 159,857 | 90,984 | 68,873 | 251,218 | 129,809 | 121,409 | 53,380 | 20,580 | 32,800  |
|   | 0-1 | 15,847 | 7,953 | 7,914 | 14,792 | 7,827 | 6,965 | 1,047 | 105 | 942 | 8 | 1 | 7  |
|   | 1-5 | 61,390 | 30,370 | 31,020 | 53,835 | 27,330 | 26,505 | 7,236 | 2,830 | 4,106 | 319 | 210 | 109  |
|   | 5-10 | 57,038 | 28,702 | 28,336 | 40,072 | 22,273 | 17,799 | 16,347 | 6,117 | 10,230 | 619 | 312 | 307  |
|   | 10-15 | 52,679 | 27,803 | 24,876 | 28,407 | 18,195 | 9,912 | 23,289 | 8,884 | 14,405 | 983 | 424 | 559  |
|   | 15-20 | 40,066 | 20,389 | 19,677 | 9,247 | 7,537 | 1,710 | 29,402 | 12,213 | 17,189 | 1,417 | 639 | 778  |
|   | 20-30 | 80,060 | 40,436 | 39,624 | 7,583 | 1,987 | 2,596 | 66,358 | 33,237 | 33,121 | 6,119 | 2,212 | 3,907  |
|   | 30-40 | 63,875 | 33,932 | 29,913 | 3,301 | 1,422 | 1,879 | 50,747 | 28,990 | 21,757 | 9,827 | 3,320 | 6,307  |
|   | 40-50 | 43,384 | 23,596 | 19,788 | 1,517 | 603 | 914 | 29,950 | 18,735 | 11,215 | 11,917 | 4,258 | 7,659  |
|   | 50-60 | 26,912 | 15,315 | 11,567 | 689 | 308 | 381 | 15,666 | 11,065 | 4,691 | 10,557 | 3,972 | 6,585  |
|   | 60 and over | 23,204 | 12,867 | 10,337 | 414 | 202 | 212 | 11,176 | 7,633 | 3,543 | 11,614 | 5,032 | 6,582  |
|   | Adi Hindu | 131,904 | 66,921 | 64,983 | 46,989 | 26,135 | 20,854 | 74,389 | 37,257 | 37,132 | 10,526 | 3,529 | 6,997  |
|   | 0-1 | 4,852 | 2,415 | 2,437 | 4,680 | 2,270 | 2,410 | 168 | 142 | 26 | 4 | 3 | 1  |
|   | 1-5 | 19,368 | 9,069 | 10,299 | 18,055 | 8,617 | 9,438 | 1,225 | 417 | 808 | 58 | 35 | 53  |
|   | 5-10 | 16,892 | 8,028 | 8,264 | 12,577 | 7,155 | 5,422 | 4,141 | 1,401 | 2,740 | 174 | 72 | 102  |
|   | 10-15 | 14,412 | 7,032 | 6,810 | 7,931 | 5,284 | 2,617 | 6,373 | 2,280 | 4,093 | 108 | 38 | 70  |
|   | 15-20 | 10,516 | 4,994 | 5,522 | 1,767 | 1,435 | 332 | 8,567 | 3,503 | 5,064 | 182 | 56 | 126  |
|   | 20-30 | 22,630 | 0,912 | 11,718 | 1,193 | 861 | 332 | 20,472 | 9,797 | 10,675 | 985 | 254 | 711  |
|   | 30-40 | 17,669 | 8,934 | 8,735 | 357 | 218 | 139 | 15,405 | 8,225 | 7,180 | 1,907 | 491 | 1,110  |
|   | 40-50 | 11,706 | 6,287 | 5,419 | 199 | 142 | 57 | 9,212 | 5,451 | 3,761 | 2,295 | 694 | 1,601  |
|   | 50-60 | 7,318 | 4,243 | 3,075 | 79 | 45 | 34 | 4,972 | 3,419 | 1,553 | 2,267 | 779 | 1,488  |
|   | 60 and over | 6,541 | 3,837 | 2,704 | 151 | 108 | 43 | 3,854 | 2,622 | 1,232 | 2,536 | 1,107 | 1,429  |