VIL—PART Il.—AGE AND CIVIL CONDITION BY DISTRICTS—OSMANABAD DISTRICT.
‘Srl. Communities POPULATION UNMARRIED MARRIED WIDOWED DIVORCED
dees estore seseareener nM “macro gueen rc emes eaee i? —__+__,
‘Persons = Males Females Persons = Males ‘Females’ Persons Males Females Yersons Males Females PM. CR,
1 2 3 4 5 6 r 8 9 10 n 12 18 oO Bb Ww Ww
1, ALL ae 748,691 386,481 362,210 274,249 156,093 118,156 411,363 207,307 204,056 61,394 22,477 38,917 1,685 604 1,081
‘O-1 .. 26,630 18,145 18,485 26,306 18,018 18,288 322 127 195 Zi ass So aw we
1—5 +. 102,792 50,649 52,148 99,147 49,310 49,887 3,517 1,264 2,258 128 3 we
B10 +. 79,246 47,687 81,559 63,025 41,028 21007 15,975 6,508 9,877 243 61 182 3 8
0-15 «. 81,724 89,550 42,174 46,317 25,705 20,522 «34,842 «18,588 21,804 532128. 33 5s
1-20... 65,903 82,810 88,598 18,301 12,585 5,766 45,628 19,059 26,569 1,817 670 1,147 157 46 111
20—80 —., 139,269 78,697 65,572 «15,724 10,278 5,446 118,198 61,617 56,581 4,945 1,680 3,205 402 122 280
80—10 ++ 98,767 56,427 42,840 3,180 2,404 686 = 87,333 51,881 85,952 7,899 2,442 5,157 355 110 245
40-50 «. 59,136 = 80,226 = 28,910 1,035 158 282 48,447 25,806 22,641 9,321 8,586 5,785 333 181 202
5060 «44,264 «= 20,519 28,745 603 428 175 31,070 15,548 15,522 12,335 4,482 7,908 256 111 145
60 Gover ., 50,960 22,271 28,689 611 454 157 26,031 12,869 18,662 24,172 9,869 14,803 146 79 867
is, Brabmanie © 23,921 12,216 11,706 10,043 5,474 4,569 «12,277 «6,162 6115 1,599 577 1,022 22...
dus,
o-1 671 814 857 671 314 ar, . “ . ooo. wees mR
15 .. 2,125 908 1,222 2,115 902 1,218 10 1 9 oe ae ee rs
5-10. 2,257 795 1,462 2,208 788 1,420 49 7 420, es “ we ee
10—15 +. 2,818 1,227 1,591 2,287 1,081 1,256 522 196 326 9 9 tee we
1-20... 2,568 1,806 1,262 1,200 1,027 17 «1,343 268 1,075 25 nu ou ee ee
20—30 ss 5,075 8,145 1,980 1,435 1,289 146 3,516 1,810 1,706 124 46 % ke. Su
BO10 3,085 1,686 1,449 94 90 4 2,755 1A 277 235 67 168 11 ee
40-50... 2,254 1,184 1,070 16 16 . 1,943 1,075 868-294 92 202 iol.
50—60 ee 1,707 971 736 9 9 oo 1,344 825 519 354 187 a7. eee
GO&over .. 1,361 784 627 8 8 #5 795 502 208 BBS Hh BHO ke
%. Other Hindus. 407,286 210,712 196,574 142,318 81,679 60,639 231,623 116,111 115,512 32,506 12,618 19,888 304 839 535
O-1 .. 13,055 6,779 6,276 12,892 6,728 6,164 163 51 uz, t . rary)
I— 6 «» 50,904 28,597 27,807 48,751 22,754 25,997 2,072 798 1,279 81 50 31 & se ee
b—10 ++ 50,775 88,520 17,246 40,793 281d 12,649 «9.887 B45 88 95 et ee ee
10-15... 44,585 = 22,008 = 22,582 22,615 12,904, 9,621 21,635 8,848 12,787 3200 sdST 16815
As—20«. 32,730 15,996 16,784 7,017 5,875 1,642 24,486 = 10,087 14,399 1,162 52164165 sd
20-80... 77,644 «= 39,502 88,142 8,211 4.266 8,945 66,515 83,948 82,567 2,730 1,220 1,501 188 59 129
B00 «56,679 82,956 = 23,728 1,243 910 838 50,765 = 80,208 20,172 «4,494 «1,701 2,798 177 52125
40-50, 30,755 15,682 15,128 364 238 181 25,765 18,081 12,784 4,474 «2,801 2,178 152 67 85
5060... 23,304 9,677 13,627 233 158 80 16,771 7,488 9,288 «6,151 1,971 4,180 149 65 84
6O&over ., 26,855 11,041 15,814 199 122 7 13,564 6,223 7,841 12,999 4.652 8.347 93 44 49
