VIL_PART II_AGE AND CIVIL CONDITION BY DISTRICTS_OSMANABAD DISTRICT.
'Srl. "Communities
POPIILATION
UNMARRIED
MARRIED
WIDOWED
No.
and age
DIVORCED
Persons
Males
Females
Persons
Males
Females
Persons
Males
Females
Persons
Males
Females
M.
F.
10
11
12
13
16
18
17
1 ALUNOMIES,
748,691
386,481
362,210
274,249
156,093
118,156
411,363
207,307 204,056  61,394
22,477 38,917
1,685
1,081
0 =
26,630
18,145
13,485
26,306
18,018
18,288
322
127
105
1_ 6
102,792
50,640
52,148
99,147
49,310
49,887
3,517
1,264
2,258
128
75
5_10
79,246
47,887
81,559
63,025
41,028
21,997
15,975
0,508
9,877
243
53
10
-16
81,724
39,550
42,174
46,317
25,795
61
182
15
-20
65,903
32,810
88,598
18,301
12,585
20,522
34,842
13,588
21,804
532
212
820
43
12
5,766
45,628
19,059
26,569
1,817
070
1,147
20_ 80
139,269
73,697
85,572
15,724
10,278
5,446
118,198
61,617
56,581
945
80
40
98,767
56,427
42,840
3,180
2,494
1,680
8,205
402
280
40
-50
59,136
80,226
28,910
1,035
686
87,333
51,881
35,952
7,899
2,442
5,457
355
245
50
-60
44,264
20,519
28,745
603
758
282
48,447
25,806
22,641
9,321
8,536
5,785
333
202
60 & over
50,960
22,271
28,889
611
428
175
31,070
15,548
15,522
12,335
4,482
7,903
256
145
454
157
26,031
12,869
18,062
24,172
9,369
14,803
146
67
Brahmanlc
23,921
12,215
11,706
10,043
5,474
4,569
12,277
6,162
6,115
1,599
577
1,022
Hindus.
0 = 1
671
814
857
671
814
357
1_
2,125
908
1,222
2,115
902
1,218
10
5
5
10
2,257
795
1,402
2,208
788
1,420
49
10
-15
2,818
1,227
1,591
2,287
1,031
1,256
522
196
828
16
20
2,568
1,806
1,262
1,200
1,027
178
1,343
288
1,075
25
20
80
5,075
8,145
1,980
1,435
1,289
146
3,516
124
'80
40
3,085
1,686
1,449
94
90
1,810
1,706
46
78
40
50
2,254
1,184
1,070
16
16
2,755
1,478
1,277
235
67
168
50
60
1,707
971
736
1,943
1,075
868
294
92
202
80 & over
1,361
784
627
8
8
1,344
825
519
354
137
217
795
502
293
558
224
334
3, Other Hindu8 .
407,286
210,712
196,574
142,318
81,679
60,639
231,623
116,111
115,512
32,506
12,618 19,888
304
839
0_ 1
13,055
6,779
6,276
12,892
6,728
6,164
163
112
336
50,904
28,597
27,3807
48,751
22,754
25,997
2,072
798
1,279
81
50
31
50,775
33,529
17,246
40,793
28,144
12,649
9,887
5,349
4,588
95
36
59
10 -15
44,585
22,008
22,582
22,615
12,994
9,621
21,635
8,848
12,787
320
157
163
15
20
32,730
15,996
16,73 +4
7,017
5,375
1,642
24,486
10,087
1+,399
1,162
521
641
85
18
32
'20
30
77,644
39,502
38,142
8,211
4.266
3,945
66,515
33,918
32,567
2,730
1,229
1,501
188
129
30
50
56,353
32,956
23,723
1,243
910
333
50,765
30,293
20,+72
4,494
1,701
2,793
177
8
125
50 _60
23,304
15,632
15,123
364
233
181
25,765
18,031
12,734
4,474
2,801
2,173
85
C0 & over
26,855
161
13,627
233
158
80
16,771
7,488
9,288
6,151
1,971
4,180
153
05
84
15,814
199
122
77
13,564
6,228
7,341
12,999
4,652
8.347
93
604
0
535