TABLE VII.
Age, Sex and Civil Condition Part II.-Districts.
TABLE VII.
AGE, SEX & CIVIL CONDITION.
72
POPULATION
UNMARRIED
MARRIED
WIDOWED
District
Region and Age
Persons
Males
Females
Persons
Males
Females
Persons
Males
Females
Persons
Mules
Females
"
7
9
10
11
12
13
14
Parbhani
All Religions
853,760
434,777
418,983
285,850
162,724
123,126
483,401
248,136
235,265
84,509
23,917
60,592
01
24.644
13
122,567
11,76
36 381
12,875
24.151
110,075
11.532
33, EIN
12,619
471
12,004
240
22
16
9,082
488
[261
10
113,918
38,173
35,115
76,369
45, 13
36,457
12,
2:3,21
1,092
414
117
1.3
100,765
ווא51,7
47,875
31.585
16,200
$1,408
31,812
1,482
850
13 20
72,843
33,609
37.
11.466
2,120
59,071
25.128
3,943
2,306
1.355
1,131
145,635
73,022
73
9,027
7,128
1,001
127,562
63,1978
9,046
543
109,987
52,918
3,539
92,258
51,500
40,756
14,190
10 50
60 and over
78,860
36K
1,684
1,
1173
58,020
#17,107
20,613
19.156
4,414
14,742
49,192
26,17
937
אונד.
29,527
21,725
7,73
18,728
14,501
14,134
35,349
18.11
17,218
727
313
214
16,623
12,900
3,630
17,999
13,374
Hindu (Brahmanic)..
589,258 301,611
287,647
190,410
111,102
79,308
335,419
171.407
164,012
63,429
19,102
44.327
0-1
16.720
8,800
16.453
7,7
256
(
'
5-10
10 15
13-20
20-30
10
3
79,552
D
43,163
71,673
34,515
37,138
7,659
78,024
37,614
51.747
31.787
201,010
25.494
127
1,801
8,354
129
11
11
3,838
220
72
17,110
783
289
71,193
37,211
3.2
32,691
22,128
10,33
37,467
11,153
1,035
430
605
51,162
7,484
4,381
1,1K
41,823
17,683
21,140
1,855
1,002
85
101.754
18,163
5,894
5,271
623
88,771
7,089
3,480
76.120
39,737
2,209
1,129
THO
63,213
10,698
7.787
20
54.985
2,679
23,306
1,036
78.5
231
39,580
14,369
10,716
50-60
34,273
18,383
15,090
670
+31
19,665
14,507
13,938
30,383
l and over
25,475
1:1,05
12,110
553
199
124
11,491
8,943
2,516
13,431
9,770
Adi Hindu
153,030
76,344
76,686
50,560
27,480
23,080
90,389
46,409
43,980
12,081
2,455
9,626
5,012
2,111
2,548
1-
24,293
11,073
1:1,
4.870
21,740
2,381
2,189
140
4:3
77
2
10,
11,147
2,478
667
1,811
75
13
42
5-10
21.258
11,193
10,063
12.832
7,534
5,298
8,225
201
68
30
13
18.173
9,203
N,HO
7,684
5,(INS
2,300
10,189
4,061
11,1:28
300
117
15-20
12,896
6,447
6,4-19
1,660
1,148
512
11.008
5,218
5,750
228
נא
147
20-30
24,786
12,28
12,258
911
630
281
22,813
11,594
11.219
1,062
304
748
30-14
19,106
9,207
9,800
430
132
294
16,640
7:
2,036
1,473
40-20
13,740
7,177
282
71
211
10,589
3,30
2,869
453
2,416
30-60
8.709
4,585
4,124
75
47
28
5,835
4,018
1,817
2.799
5:20
2,270
60 and over
5,057
2,305
2,732
76
39
2,472
1,740
732
2,509
GKHS
2,003