VII. PART II-AGE AND CIVIL CONDITION BY DISTRICTS-PARBHANI DISTRICT.
Srl. Communities
POPULATION
UNMARRIED
MARRIED
No.
and Age
Persons Males Females Persons
Males Females Persons
WIDOWED
Males Females Persons Males Females P.
DIVORCED
M. F.
1
2
8
4
5
6
7
8
9
10
11
12
13
14 15
16
17
1. ALL COM-
911,886 465,213 446,673 305,238 173,248 131,990 518,275 264,958 2,53,317 85,055 25,403 59,652 3,318 1,604 1,714
MUNITIES.
˚0-1
1-5
5-10
:::
26,288 12,434 13,854
121,009
.. 100,679
26,125
10-15
15-20
93,547
74,766
59,254 61,755 116,638
54,572 46,107 76,284
58,907 89,640 50,199
38,772
57,200
43,841
84,567
35,994 18,763
12,543
12,345 13,780
59,488 4,104
32,443 23,956
15,632 42,508
6,220 53,919
156
88
68
7
1
6
1,994 2,110
10,696 13,260
19,252 23,256 840
25,445 28,474 1,948
267
60
207
439
35
404
88
752
738 1,210 136 46 90
20-30
.. 154,553
80,006 74,547 10,977
9,165
1,812
134,662
80-40
40-50
50-60
60 & over
133,992
96,703 47,143 49,560
65,179 32,206 82,978
45,170 21,116
65,808 68,189
3,356
2,010
1,346
116,577
1,716
916
800
776
429
847
73,195
44,250
24,054
404
232
172
24,948
2 Brahmanic.
30,588
15,817
14,771
11,835
6,505
5,330
16,498
8,416
67,686 66,976 8,318
58,775 57,802 13,415
40,597 32,598 21,104
25,889 18,411 19,608
14,586 10,362 19,109
8,082 2,253
2,887
4,709
5,335 15,769 688
5,676 13,932 545
5,874 13,235 709
5,481 596
268
328
8,706 644
809
885
295
393
262 283
424 285
896 1,357
2 ..
2
Hindus.
0-1
1-5
5-10
10-15
15-20
:::::
1,510
709
801
1,510
709
801
4,524
2,518
2,011
4,502
2,508
1,999
22
10
12
1,765
903
862
1,717
888
834
48
20
28
:::
:::
2,689
917
1,772
1,767
801
966
916
116
800
6
6
3,085
1,519
1,566
1,530
856
674
1,512
651
861
43
12
31
:::::
20-30
80-40
40-50
50-60
60 & over
:::::
5,293
3,065
2,228
663
609
54
4,409
2,401
2,008
220
55
165
1
4,322
2,825
1,997
110
108
2
3,844
2,057 1,787
368
160
208
3,200
1,574
1,626
34
2,326
1,202
1,124
2
34
2
2,707
1,388 1,369
458
202
256
::
1,868
990
878
456
210
246
1,874
1,090
784
1,172
833
339
702
257
445
134
::::::::
:::::
1
8. Other Hindus 538,705 274,703 264,002 170,078 98,822
71,256 315,813 159,784 156,029 51,434 15,426 36,008 1,380 671
709
01
14,164
6,479
1-5
66,992
31,868
7,685 14,088
35,129 65,236
6,424
30,999
5-10
63,670
37,928
25,742 47,374
29,366
10-15
15-20
53,007 33,474
38,579 19,203 19,376
19,533 27,778
21,121
7,217
4,483
7,664
76
34,287 1,662. 854 808
18,008 15,994 8,562 7,482
6,657 24,707 12,353 12,354
2,734 30,120 14,197 15,923
55
21
94
84
302
302
522
522
1,170
504
666 72
19
20-30
80-40
40-50
50-60
60 & over
:::::
92,152 47,426
82,868 40,677 42,191
58,795
44,726
5,143
4,406
1,672
1,133
26,160 32,635
40,292 18,745 21,547
892
498
394
443
262
181
28,186 12,748 15,438
235
. 130
105
737 81,475
539 72,493
44,715
27,772
16,799
40,939 40,536 5,189 1,920 3,269 345
36,882 86,111 8,385 3,001 5,884 318 161 157
22,280 22,485 12,882 3,220 9,662 306 162 144
14,959 12,813 11,879 3,422 8,457 198 102 96
9,208 7,596 11,011 3,349 7,662 141 66 75
161
: : : :ធ នឹងន់
184