VII.—PART I—AGE AND CIVIL CONDITION BY DISTRICTS—PARBHANWI DISTRICT.
gil. Comeumttes POPULATION UNMARRIED MARRIED WIDOWED DIVORCED
lo. anc oo s s“#cq+¢e:- lao eae es nn lo SSF
Persons Males Females Persons | Males Females ~ Persons Males Females Persons Males Females” P.M.
1 2 8 4 5 6 7 8 9 10 1 12 18 4 18 1 OW
1. Ah COM 911,886 465,213 446,673 305,238 173,248 131,990 518,275 264,958 2,53,317 85,055 25,403 59,652 3,318 1,604 1,714
“0-1 +. 26,288 12,484 18,854 26,125 12,845 «18,780 156 88 68 7 1 6 we a
1— 5 ., 121,009 59,254 61,755 116,638 87,200 59,488 4, 104 1,994 2,110 267 oo; fer ok
5—10 3, 100,679 54,572 46,107 76,284 «= 48,841 «82,448 23956 10,696 13,260 439. ss a 2 OE
10—15 93,547 58,907 «89,640 50,199 84,567 «15,682 «42,508 += 19,252 28,256 840 Ce oem
15-20... 74,766 = 88,772 85,994 18,763 12,548 6,220 53,919 25,445 28.474 1,948 738 1,210 136 46 90
20-80 .. 154,553 80,006 74,547 += 10,977 9,165 1,812 134,662 67,686 66,976 8,318 2,887 5,481 596 268 828
8040... «133,992 65,808 68,189 3,356 2,010 1,346 116,577 58,775 57,802 13,415 4,709 8,706 644 809 885
40-50 5. «96,703 «47,148 49,560 1,716 916 800 73,195 40,507 82,508 21,104 5,885 15,769 688 295 393
50-60 «65,179 82,206 82,978 776 429 847 44,250 25,889 18,411 19,608 5,676 18,932 545 262 288
6O&over ., 45,170 21,116 24,054. 404 232 172 24,948 14,586 10,862 19,109 5,874 18,285 709 424 285
2 Brahmanic . 30,588 15,817 14,771 11,835 6,505 5,330 16,498 8,416 8,082 2,253 896 1,357 2 wu 2 ~
- Hindus.
O—-1 .. = 1,510 709 sol «1,510 709 801 . s we = a8 i ie OG isd
5. 4,524 2,518 2,011 4,502 2,508 1,999 22 10 ae - we ee:
5-10... 1,765 908 862 © 1,717 ‘883 834 48 20 28. wis @ SG ge
10-15, 2,689 o1T 4772 «1,767 801 966 916 116 =~ 800 6 Og
1520... «3,085 1,519 1,566 1,530 856 674 = «1,512 651 861 43 2 fl ok OK ons
20-80... 5,293 8,065 2,228 663 609 54 4,409 2,401 2,008 220 5 eH, ¥
8040... 4,322 2,825 1,997 110 108 2 3,844 2,057 1,787 368 160 208 .. 2...
4050 .. 3,200 1,574 1,626 34 Ey es 2,707 1,888 «1,800 6«=6 4458S 202i 1
50-60... 2,326 1,202 1,124 2 2 1,868 990 ‘878 456 210 246 .. 1...
GO&over .. 1,874 1,090 784 we . e 1,172 888 889 702 BY MB
8. Other Hindus 538,705 274,703 264,002 170,078 98,822 71,256 315,813 159,784 156,029 51,434 15,426 36,008 1,380 671 709
oO-1 ., 14,164 6,479 7,685 © 14,088 6,424 7,664, 16 55 al ag ne a ya &
1-5 .. 66,992 81,868 = 85,129 65,236 © 80,999 34,287 «1,662 - 954 808 4 8610 a
5-10... 63,670 += 87,928 += -25,742 47,374 «29,866 ©=— 18,008 15,994 8,562 7,482 302 ., B02. ke
10-15 - 4. 53,007 83,474 += «19,588 27,778 —-21,121 6,657 24,707 «12,858 12,854 522 .. Ce ge eee
15-20, 38,579 19,208 19,876 = 7,217 4,483 2,784 30,120 14,197 15,928 1,170 504 666 72 19 6&3
20-80 .. 92,152 47,426 © 44,726 5,143, 4,406 787 81,475 40,939 40,586 5,189 1,920 8,269 345 161 184
80-40 «82,868 + = 40,677 «42,191 1,672 1,188 589 72,493 86,882 86,111 8,385 3,001 5,884 318 161 157
40-50... 58,795 26,160 82,685 892 498 894 44,715 22,280 22,485 12,882 3,220 9,662 306 162 144
50-60 =», «40,292 «18,745 21,547 443 262 181 27,772 ‘14,950 12,818 11,879 3,422 8,457 198 102 96
60 Gover .. 28,186 12,748 15,488 23500, :1380 105 16,799 9,208 7,596 11,011 3,349 7,662 141 66 5
