VII
-PART MI_AGE AND CIVIL CONDITION BY DISTRICTS_PARBHANI DISTRICT
Srl:
Communities
POPULATION
UNMARRIED
MARRIED
WIDOWED
DIVORCED
No.
end Age
Persong
Males
Females
Persons
Males
Females
Persons
Males
Females
Persons
Males   Females
P.
M:
F.
10
11
12
18
14
15
168
17
1: ALL COM-
911,886
465,213
446,673
305,238
173,248
131,990
518,275
264,958
2,53,317 85,055   25,403
59,652 3,318 1,604 1,714
MUNITIES:
0 =
26,288
12,434
18,854
26,125
12,845
18,780
156
88
68
1_
121,009
59,254
61,755
116,638
57,200
59,488
4,104
1,994
2,110
60
207
5-_10
100,679
54,572
46,107
76,284
43,841
32,448
23,956
10,898
13,280
439
35
40L
10 ~15
93,547
58,907
39,640
50,199
84,567
15,632
42,508
19,252
238,256
840
88
752
15
20
74,766
38,772
85,094
18,763
12,548
6,220
53,919
25,445
28,474
1,948
738
1,210
136
46
90
20 80
154,553
80,006
74,547
10,977
9,165
1,812
134,662
87,886
66.976
8,318
2,887
5,481
596
268
328
80
40
133,992
85,808
68,189
3,356
2,010
1,346
116,577
58,775
57,802
13,415
4,709
8,706
644
809
885
40_ 50
96,703
47,143
49,560
1,716
916
800
73,195
40,597
82,508
21,104
5,335
15,789
688
295
893
50
C0
65,179
32,206
82,978
776
429
847
44,250
25,889
18,411
19,608
5,676
18,032
545
202
283
60 & over
45,170
21,116
24,054
404
232
172
24,948
14,586
10,862
19,109
5,874
13,285
709
424
285
Brahmanic
30,588
15,817
14,771
11,835
6,505
5,330
16,498
8,416
8,082
2,253
896
1,357
Hindus.
1,510
709
801
1,510
709
801
=
1 5
4,524
2,518
2,011
4,502
2,508
1,999
22
10
12
5_10
1,765
908
882
1,717
888
834
48
20
28
10 _15
2,689
917
1,772
1,767
801
966
916
116
800
15
20
3,085
1,519
1,566
1,530
856
674
1,512
851
861
43
12
81
20   80
5,293
8,085
2,228
663
609
54
4,409
2,401
2,008
220
55
165
80_ 40
4,322
2,825
1,997
110
108
3,844
2,057
1,787
368
160
208
40_50
3,200
1,574
1,626
34
34
2,707
1,388
1,800
458
202
250
50 _80
2,326
1,202
1,124+
1,868
990
878
456
210
246
60 & over
1,874
1,090
784
1,172
833
339
702
257
445
8. Other Hindus
538,705
274,703
264,002
170,078
98,822
71,256
315,813
159,784 156,029
51,434
15,426
36,008 1,380
671
709
14,164
6,479
7,685
14,088
6,424
7,664
76
56
21
8
66,992
31,868
35,129
65,236
30,999
34,287
1,662
854
808
94
10
84
63,670
87,928
25,742
47,374
29,860
18,008
15,994
8,502
7,4432
302
302
10
15
53,007
33,474
19,533
27,778
21,121
6,657
24,707
12,353
12,354
522
522
15
20
38,579
19,203
19,376
7,217
4,483
2,73+
30,120
14,197
15,928
1,170
504
GG0
72
i9
53
20
~30
92,152
47,420
41,726
5,143
4,406
787
81,475
40,939
40,536
5,189
1,920
8,269
345
161
184
80
40
82,868
40,677
42,191
1,672
1,133
539
72,493
80,882
86,111
8,385
8,001
5,88+
318
161
157
40
50
58,795
26,180
32,035
892
498
3894
44,715
22,280
22,435
12,882
3,220
9,602
306
162
144
50
60
40,292
18,745
21,647
443
262
181
27,772
14,059
12,818
11,879
3,422
8,457
198
102
96
80 & over
28,186
12,748
15,438
235
180
105
16,799
9,208
7,596
11,011
8,849
7,662
141
66
75
267