VII_PART II_AGE AND CIVI CONDITION BY DISTRICTS
~RAICHUR DISTRICT_
SrL:
Communitiee
POPULATION
UNMARRIED
MARRIED
WIDOWED
DIVORCED
No.
end Age
Persons
Males
Females
Persons
Males
Females
Persons
Males
Females
Persons
Males
Females
P
10
11
12
18
14
15
10
17
COM-
1,041,959
529,145
512,814
429,824
249,966
179,858
512,666
257,056 255,610
94,885
20,939
73,946 4,584 1,184 3,400
MUNITIES
0
27,590
18,025
14,565
27,411
12,902
14,49
166
61
105
13
11
1
125,614
58,258
67,861
422,469
57,209
65,260
2,774
902
1,812
371
82
289
6_10
115,357
58,475
56,882
96,387
52,971
43,410
18,565
5,308
13,167
398
106
202
10
-15
109,815
62,958
46,862
81,425
53,295
28,130
27,525
9,384
18,141
838
273
565
27
26
15
20
101,411
51,212
40,889
49,380
32,054
17,326
49,894
18,798
81,101
1,651
870
1,281
186
25
161
20
80
198,816
104,830
93,980
33,881
27,038
6,248
156,228
75,719
80,509
7,874
1,800
0,574
833
170
65.4
80
40
157,477
80,790
76,687
12,307
9,303
8,004
126,541
08,469
58,072
17,494
2,800
14,69+ 1,135
218
917
40
5)
101,371
187
51,18+
4,502
3,070
1,423
73,138
42,881
80,257
22,677
8,050
18,718
1,054
268
786
50
-80
65,362
30,920
3442
1,227
826
401
39,536
23,029
15,607
23,867
5,970
17,897
732
195
537
80 & OvCr
39,446
18,+0+
20,082
835
029
206
18,299
11,460
6,880
19,702
6,077
18,625
610
298
812
2. Brahmanlc
38,574
19,398
19,176
13,861
7,314
6,550
23,055
11,474
11,581
1,654
610
1,044
Hindus.
1,134
573
561
1,134
573
SCI
8
5,005
2,686
2,819
4,986
2,877
2,809
19
10
5 10
2,597
1,317
1,280
2,553
1,206
1,257
43
21
22
10
-15
3,990
1,116
2,874
2,345
1,0844
i,88
1,642
82
1,010
2
16
~20
4,352
1,788
2,509
1,729
693
2,601
1,090
1,511
22
20
30
9,001
6,351
8,650
917
794
128
7,897
4,525
8,872
186
32
154
80
A0
5,924
8,116
2,808
152
140
5,533
2,917
2,010
236
47
189
40
50
3,480
1,854
1,026
30
30
3,090
1,680
1,410
360
144
216
50
80
2,084
1,071
1,018
11
11
1,636
825
811
437
235
202
80 & over
1,007
581
476
594
375
219
409
152
257
8. Other Hindus.
561,,412
288,041
273,371
222,780
136,492
86,288
281,171
141,013 140,158
54,505
9,848
44,657 2,956
688 2,268
0_
14,010
6,662
7,848
13,968
6,646
7,822
34
16
18
1_
3
63,903
80,+438
33,465
62,430
29,932
32,498
1,176
47
729
297
59
238
5 10
58,376
81,881
26,495
45,685
27,928
17,762
12,521
3,805
8,020
166
63
103
10-15
61,253
87,809
28,444
43,775
80,818
12,962
16,932
6,784
10,148
532
212
320
14
4
15  20
57,067
20,641
27,4426
30,141
19,235
10,876
26,085
10,142
15,913
758
248
510
113
16
20
~30
111,047
59,239
51,808
18,644
15,99+
2,650
88,273
42,603
45,070
3,667
546
8,121
463
96
367
30  40
84,039
41,980
42,050
5,129
8,762
1,367
67,853
36,936
80,917
10,340
1,183
9,157
717
108
609
40
-50
53,033
24,747
28,286
2,378
1,690
688
37,338
21,791
15,547
12,588
1,130
11,458
729
186
593
50
60
36,135
16,667
20,468
3 60
292
68
20,546
12,045
8,501
14,741
8,214
11,527
488
116
872
80 & over
22,549
9,908
12,581
300
205
95
10,413
6,354
4,059
11,408
3,193
8,215
428
216
212
ALL
50,