YII.—PART I.—AGE AND CIVUL CONDITION BY DISTRICTS—RAICHUR DISTRICT.
Sxl. Communities - POPULATION UNMARRIED MARRIED WIDOWED DIVORCED .
Ne ant 3) OSes oC SOO oon SS OS Oc eee eso
™ A® “Diuas Maks Female’ ‘Desons Maks Females” ‘Pecoan Mala Faas” “Paula Mal Fale rR M F
1 2 - 8 4 5 6 7 8 9 10 a * 12 18 “4 6% 6 WW
1 ALL G COM- 1,041,959 529,145 512,814 429,824 249,966 179,858 512,666 257,056 255,610 94,885 20,939 73,946 4,584 1,184 3,400
O—1 27,590 18,025 «14,565 «27,411 12,962 14,449 166 61 105 13 2 fe
1—5 1. 125,614 58,258 67,861 122,469 57,209 65,260 2,774 962 1,812 371 a re re
5-10 1. 115,357 58,475 = 56,882 96,387 52,971 43,410 18,565 5,398 13,167 398 106 202 7 2, 7
10—15 +» 109,815 62,0538 46,862 81,425 58,295 28,180 27,525 9,884 18,141 838 278 56527 1 26
15-20 1, 101,111 51,242 49,869 49,380 = 82,054 «17,326 49,894 «18,798 81,101 1,651 870 1,281 186 25 161
N
20-80 ., 198,816 104,836 93,980 33,881 27,688 6,248 156,228 75,719 80,509 7,874 1,800 6,574 833 170 654
80-40, 157,477 80,790 76,687 12,307 9,303 8,004 126,541 68,469 58,072 17,494 2,800 14,004 1,135 218 917
40-5) .,: 101,371 50,187 51,184 4,502 3,079 1,423 73,138 42,881 80,257 22,677 8,050 18,718 1,054 268 786
50—60 ++ 65,362 30,920 34,442 1,227 826 401 39,536 28,929 15,607 23,867 5,970 17,897 732 195 587
60 Gover .. 39,446 18,404 20,982 835 629 206 © 18,299 11,460 6,889 19,702 6,077 18,625 610 298 B12
2. Brahmanic 38,574 19,398 19,176 13,861 7,311 6,550 23,055 11,474 11,581 1,654 610 1044 4 3 1
Hindus.
O-1 1134 578 561 «1,134 578 sol “e 2m = a PP “ea F
15 .. 5,005 2,686 2,319 4,986 2,677 2,809 19 9 wo a ws em ‘
B10. 2,597 1,317 1,280 2,553 1,296 1,257 43 21 22 is ig aa @ ‘
W-15«, 3,990 1,116 2,874 2,345 1,084 1,26] 1,642 82 1,610 By a 2
W200. 4,352 1,788 2,569 © 1,729 698 1,036 = 2,601 1,090 1,511 Re 4: Boas sets
20—30 oa 9,001 5,851 3,650 : 917 794 128 7,897 4,525 8,372 186 82 154 1 oe 1
80-40... 5,924 B16 2,808 152 149 8 5,533 2,917 2,616 236 4a 189 BB
40—50 . 3,480 1,854. 1,626 30 30 ry 3,090 1,680 1,410 360 144 216 & ‘on
5060 ., 2,084 1,071 1,018 iw 11 4 1,636 825 811 437, BB OD
60 &over .. 1,007 581 ‘476 4 4. 594 875219 409 sR BT
8, Other Hindus. 561,412 288,041 273,371 222,780 136,492 86,288 281,171 141,013 140,158 54,505 9,848 44,657 2,956 688 2,268
O-1 «14,010 6,662 7,348 13,968 6,616 7,822 34 16 18 8. Bi sess tne
1—B 4. 63,903 80,488 «88,465 62,430 29,982 32,408 1,176 4477290297 59 BB
5-10... 58,376 «= 81,881 26,495 «45,685 = 27,928 17,762 12,521 8,895 8,026 166 68 «108 4
10-15 «61,253 87,809 28,444 © 43,775 80,818 12,962 16,932 6,784 10,148 532 212 3820 14 .. 14
1520 2, --57,067 = - 20,641 27,426 «30,111 19,285 10,876 + .26,085 = 10,142 15,048 = 758 = 248 510 «1138's GSC
20-80 .. 111,047 59,289 51,808 18,644 15,994 2,650 88,273 42,608 45,070 3,667 546 «8,121 463 «96867
3040... «84,039 41,989 42,050 5,129 8,762 1,867 67,853 86,986 80,917 10,340 1,188 9,157 717 108 609
40-50... «53,033 24,747. 28,286 2,378 1,690 688 37,338 «21,791 15,547 12,588 1,180 11,458 729 186 593
50—60 .. 36,135 15,667 20,468 360 292 68 = 20,546 «= 12,045 8,501 14,741 8,214 11,527 488 116 872
60 &over ., 22,549 9,968 12,581 300 205 = 910,413 6854 4,059 11,408 3,198 8,215 428 216 21
