Srl.
Communities
UNMARRIED
VII. PART II.-AGE AND CIVIL CONDITION BY DISTRICTS-RAICHUR DISTRICT.
POPULATION
MARRIED
No.
and Age
Persons
Males Females Persons
Males Females Persons Males Females
WIDOWED
Persons Males Females
DIVORCED
P.
M. F.
4
5
6
7
8
9
10
11
12
13
14
15 16 17
1
2
1. ALL COM-
1,041,959
529,145 512,814 429,824 249,966 179,858 512,666 257,056 255,610 94,885 20,939 73,946 4,584 1,184 3,400
MUNITIES.
0-1
1-5
27,590
125,614
13,025 1-4,565
58,258
67,361
27,411
122,469
12,962 14,449
166
61
105
13
2
11
57,209
65,260
5-10
.. 115,357
58,475
56,882
96,387
52,971
43,-416
10-15
109,815
62,953
46,862
81,425
53,295
15-20
.. 101,111
51,242
49,869
49,380
32,05-4
2,774
18,565
28,130 27,525
17,326 49,894
962
1,812
371
82
289
5,398 13,167
398
106
292
7
7
9,384 18,141
18,798 81,101 1,651
838
273
565 27
1
26
870
1,281 186
25
161
20-80 .. 198,816
104,836
93,980
33,881
27,688
30-40
157,477
80,790
76,687
12,307
9,303
40-5)
.. 101,371
50,187
51,184
4,502
3,079
6,243 156,228
3,004 126,541
1,423
73,138
50-60
65,362
30,920
34,442
1,227
826
401
60 & over..
39,446
18,464
20,082
835
629
206
39,536
18,299
75,719 80,509 7,874
68,469 58,072 17,494
42,881 80,257 22,677
23,929 15,607 23,867
11,460 6,889 19,702
1,800
6,574 833
179
654
2,800
14,694 1,135 218
917
3,959
5,970 17,897 732 195
6,077 13,625 610 298
18,718 1,054
268
786
537
312
2. Brahmanic
Hindus.
0 1
1-5
5-10
10-15
38,574 19,398
19,176 13,861
7,311
6,550
23,055
11,474 11,581 1,654
610
1,044
4 3 1
1,134
578
561
1,134
578
561
15-20
:::::
5,005
2,686
2,819
4,986
2,677
2,309
19
9
10
2,597
1,317
1,280
2,553
1,296
1,257
43
21
22
3,990
1,116
2,874
2,345
1,084
1,261
1,642
82
1,610
4,352
1,788
2,569
1,729
693
1,036
2,601
1,090
1,511
20-30
9,001
5,351
3,650
917
794
128
7,897
4,525 3,372
30-40
5,924
3,116
2,808
152
149
3
5,533
2,917 2,616
40-50
3,480
1,854.
1,626
30
30
3,090
1,680 1,410
50-60
2,084
1,071
1,018
11
11
1,636
825
811
60 & over
1,007
531
476
594
375
219
3. Other Hindus. 561,412 288,041
273,371 222,780 136,492
86,288 281,171 141,013 140,158 54,505
ཡཐཱ ཝིནྣིནྣིཙིདྡྷི དྷཱི
1
3
22
:::::
22
182
:::::
:::::
186
32
151
1
1
236
47
189
3
360
144
216
437
285
202
409
152
257
:::
::
9,848 44,657 2,956 688 2,268
0-1
14,010
6,662
1-5
63,903
30,438
7,3-48
33,465
13,968
62,430
6,6-16
29,982
7,822
32,498
34
5-10
58,376
31,881
26,495 45,685
27,928
10-15
61,253
37,809
23,444 43,775
30,813
15-20
57,067
29,641
27,426
30,111
19,235
1,176
17,762 12,521
12,962 16,932
10,876 26,085
16
447
18
8
8
729
297
59
238
8,895 8,626
166
63
103
4
6,784 10,148
532
212
320
14
14
10,142 15,943
758
248
510 113
16
97
20-30
111,047
59,239
51,808
18,644
15,994
2,650
30-40
40-50
50-60
60 & over
84,039 41,989 42,050
53,033 24,747 28,286
36,135 15,667 20,468
22,549 9,968 12,581
5,129
8,762
1,367
88,273
67,853
2,378
1,690
688
37,338
3.60
292
68
20,546
300
205
95
10,413
42,603 45,670 3,667
36,936 30,917 10,340
21,791 15,547 12,588
12,0-15 8,501 14,741
6,354 4,059 11,408
546
3,121 463
96
367
1,183 9,157
1,130 11,458 729
8,214 11,527 488 116
3,193 8,215 428
717
108
609
136
593
872
216
212