TABLE VII.
Age, Sex and Civil Condition Part II.-Districts.
POPULATION
UNMARRIED
MARRIED
WIDOWED
TABLE VII.
AGE, SEX & CIVIL CONDITION.
78
District
Religion and Age
Persons
Males
Females
Persons
Males
Females
Persons
Males
Females
Ретон
Males
Females
7
S
10
11
12
13
11
Raichur
All Religions
937,535
473,161
464,374
379,532
225,579
153,953
448,036
222,574
225,462
109,967
25,008
84,959
22,959
או 10.5
12.221
1-3
113.230
51,361
22.785
107,230
10,605
12,000
168
51,1800
5.350
1,629
125
3,721
6
650
105
545
10
117,516
50.813
37.703
98,673
34,
44,312
17,380
5,206
12,174
1,463
1,217
10-13
13
106,812
55,713
51,077
75,736
28,450
28,754
7,856
20,NIN
2,322
503
2200
84.439
43,529
29,458
24,217
5,211
51,899
18.452
33,417
3,082
8:34
20-30
181,300
דאז ווא
91.313
29.407
21,630
4,777
138,401
801 59
75.93
13,492
2,749
10,7
30-40
141,312
73.80
47,16
10.057
7,810
107,834
61.217
46,617
23,421
1,5
40-50
86,990
45,956
40,99
3,401
2,218
1,18:3
58,154
50
60
50,177
21,166
26,011
1.728
1,207
321
60 and over
32,800
15,184
17,416
1,057
302
26,585
13,511
38,185
17.13
11,
25,435
111,8-12
8.652
21,864
5,020
16,HSH
3,86
18.232
5,011
13,188
Hindu (Brahmanic).
708,167
357,673
350,494
279,698
170,989
108,709
339,978
167,331
172,647
88,491
19,353
69,138
0-1
17,236
9,315
17,116
1-3
83,351
39.820
$3,322
79,086
7,81
38,886
115
85
S
"
10,200
3,698
863
3,8:35
567
80
447
5-10
10 13
15-20
20 30
87,539
41,267
43,272
73,365
41,329
32.036
12,909
2,713
10,165
1,265
193
1,079
79,496
41.866
37,630
55.653
185,185
22.042
5,100
16,642
1,801
481
1,320
63.697
33,071
330,626
21,558
18.11
3,14
39,519
2,620
685
137.128
68,873
21,764
19,448
2,316
104.513
16,702
57,811
10,851
2.105
8,746
30 30
107,507
56,316
51,171
7,211
6,1:36
1,075
81,441
$0.518
34,893
18,855
15.203
10 50
66,662
35.135
31.3.7
1,990
1,156
44.484
29.131
15,033
20,188
4,268
15,920
50 60
39.256
18,728
20.328
1,147
882
265
20.509
13.925
17,600
3,021
13,670
60 and over
26.295
12,243
11,000
808
562
21
10,748
7,215
13,
14,739
3,908
10,771
Adi Hindu
112,992
55,726
57,266
51,852
27,899
23,953
51,659
25,488
26,171
9,481
2,339
7,142
0-1
2.776
1,356
1,420
2,751
1,350
1,101
25
6
19
1-3
14,959
7,250
7,709
14.449
7,450
463
2243
218
47
5-10
15.158
7, HIT
7
13,317
6,897
6,120
1,716
517
1,169
125
102
10 15
13,807
6,792
7,015
10,026
5,056
4,330
3,421
1.0331
2,387
360
208
13-20
10,448
5,056
5,312
3,820
2,697
1,123
6,353
4,000
275
1541
209
20-0
21,860
10.2
11,
4,272
2,051
1,721
16,398
7,127
8.971
1,190
244
1-46
30-10
16,261
8.16
8,007
1,867
1,042
1825
12,328
5,672
2,066
468
1,600
40-50
9.789
5,261
4,528
813
393
420
6.634
4,305
2,329
2,342
563
1,779
50-60
5.130
3.672
2,158
377
210
167
2,956
1,972
984
1,797
490
1,307
60 and over
2,804
1,186
1,318
160
61
96
1,365
1,003
362
1,279
419
800