VII. PART II.-AGE AND CIVIL CONDITION BY DISTRICTS.-WARANGAL DISTRICT.
118
Srl. Communities
No.
and Age
POPULATION
UNMARRIED
MARRIED
WIDOWED
DIVORCED
Persons Males Females Persons
Males Females Persons Males Females Persons Males Females
P. M. F.
1
2
3
4
5
6
7
8
9
10
11
12
13
14
15
16
17
1. ALL COM-
MUNITIES.
0-1
1,321,838 682,054 639,784 540,969 315,776 225,193 659,784 337,555 322,229 118,581 27,629 90,952 2,504 1,094 1,410
40,330
1-5
.. 165,253
5-10
167,565
20,269 20,061
88,184 82,069
83,344 84,221
40,326
20,269 20,057
4
163,073
144,637
10-15
150,794
76,822 73,972
105,456
15-20
.. 126,185
65,849 60,836
44,697
82,271 80,802
77,687 67,000 22,431
65,200 40,256 44,401
34,127 10,570 79,213
2,085
912 1,178
5,673 16,758
11,528 32,873
30,935 48,278
95
1
94
487
880
2,148
30
457 10
87
793 57
20-30
30-40
245,768
163,580
126,211 119,557
32,112
27,871
87,186
76,394
5,809
4,726
40-50
.. 117,363
64,608 52,760
2,539
1,903
50-60
77,499
41,478
36,021
1,437
1,097
60 & over
67,501
33,608
33,898
883
675
4,241 200,752
1,083 136,938
636 87,897
340 48,824
208 37,239
2. Brahmanic
23,875.
11,515 12,360
10,169
4,935
5,235
13,169
6,425
6,744
537
95,428 105,324 12,411
77,910 59,028 20,273
56,565 31,332 26,427
33,740 15,084 26,883
24,864 12,875 28,977
265 1,883 127 22 105
292
221 279
2,701 9,710 493
4,282 15,991 560 268
5,914 20,513 500
6,468 20,415 355 173 182
7,881 21,096 409 188 214
382
155
ཨསྶ ཀྑུདྡྷིཡྻུཎྜཎྜ ;
4
6
7
60
211 282
Hindus.
0-1
1-5
5-10
10-15
15-20
20-30
30-40
40-50
50-60
:::
555
257
298
555
257
298
2,414
1,136
1,278
:
2,399
1,184
1,265
15
2
13
2,876
1,009
1,867
2,747
984
1,768
128
25
103
2,819,
1,095
1,724
2,034
925
1,109
779
170
609
2,771
1,390
1,381
1,205
698
507
1,544
687
857
4,263
2,245
2,018
1,132
843
289
3,057
1,388
1,669
3,669
1,880
1,839
62
62
3,497
1,782
1,765
110
1,769
930
889
12
11
1
1,625
884
741
132
1,362
734
60 & over
1,377
889
628
488
15
8
13
8
2
1,274
703
571
1,250
884
416
119
មីងអ៊ីចឹង ១២
1
6
: : : :
::
22
74
14
36
73
284
35
LOT 227
1
6
17
60
74
97
18
55
47
72
:::::
::::::::::
:::::
3. Other Hindus 756,049 389,947 366,102 303,021 181,224 121,797 378,481 193,999 184,482 73,578 14,326 59,252 969 398 571
0-1
1-5
5-10
10-15
15-20
25,072 12,926 12,146 25,068
99,412 51,094 48,318 98,062
95,877 46,722 49,155 79,690
82,769 44,066 38,703
69,161 36,160 33,001
12,926 12,142
4
50,486
47,576
1,303
608
695
47
: :
48,198
36,492
15,866
3,520 12,346
317
47
317
55,824
37,163
18,661
26,374
6,884 19,490
542
15
22,080
18,882
8,748
45,731
17,702 28,029
1,294
116
4
527 29 4 25
1,178 56 10 46
4
20-30
30-40
40-50
50-60
60 & over
::
143,770
78,255
70,515 17,668
15,530
2,188
94,001 50,509
48,492
2,716
2,202
66,828
36,233
30,595
1,038
739
299
40,679
20,732
19,994
622
443
179
38,480
18,250
20,230
253
205
48
117,299
514 78,147
49,438
24,154
20,165
56,082 61,217 8,589
45,941 82,206 12,931
82,398 17,040 16,168
17,189
13,075
1,554
2,266
7,035 214 89 125
10,665 207 100 107
6,965 15,762
6,490 17,928
3,020 13,148 184
3,031 12,731 141
4,324 18,604 134 46
ឆឌី៖
76 108
69
72
88