TABLE VII.
Age, Sex and Civil Condition Part II.-Districts.
TABLE VII.
AGE. SEX & CIVIL CONDITION.
52
POPULATION
UNMARRIED
MARRIED
WIDOWED
District
Religion and Age
Persons
Males
Females
Persons
Males
Females
Persons
Males
Females
Persons
Males
Females
10
31
12
13
11
Warangal
All Religions
1,117,693
575,819
541,874
455,841
265,140
190,701
559,172
289,424
269,748
102,680
21,255
81,425
0-1
31.874
15,626
14,258
1-3
152.214
73,616
78,378
31,825
149,574
15,399
16,226
47
27
72,021
77,533
2,532
1,587
20
1945
108
28
3-10
142,556
72,643
69,913
123,518
68,158
55,360
18,529
14,116
509
72
10--13
122,725
61,312
58,413
86,410
35,700
30,701
35,422
8,187
20,135
893
116
777
13-20
100,558
30,512
30,016
32,102
26,659
5,4
66,002
12,5:13
2,454
384
2,070
20-30
210,171
101,086
1106,083
23,067
19,
3,631
176,008
82,777
11.096
1,87:
9,223
30-40
148,213
80,290
67,911
4,822
3,948
874
125,399
7:3,137
52,242
17,992
3,114
אוד,11
40-30
100,273
36,373
2,466
1,970
406
73,356
23,061
24.451
4,710
19,741
50-60
57,884
31,977
23,907
1,268
1,028
240
34,529
23,114
8,615
22,087
5,035
17,052
60 and over
51,225
21,872
789
612
177
27,348
19,898
7,450
23,088
5,
17,243
Hindu (Brahmanic)
705,102
362,125
342,977
272,420
158,972
113,448
361,091
189,374
171,717
71,591
13,779
57,812
1-0
19,464
9,612
9,822
19,443
9,629
9,814
20
13
1
1-0
90,209
43,189
47,020
88,470
42,073
46,397
1,671
3-10
89,431
44,871
44,500
74,865
41.671
3,194
14,219
1,102
3,138
569
68
14
31
11,061
347
42
305
10-15
77,303
40,654
3,649
51,319
34,263
17,036
25,345
19,023
639
69
570
15-20
64,071
33,021
31,050
19,265
10,033
3,212
43,019
16,717
26,272
1,787
1,566
20-30
132,997
67,134
65,963
14,209
11,533
2,676
110,857
54.410
56,417
7.931
1,001
6,8-40
30-40
94,265
51,102
43,163
2,799
2,253
546
79,066
46,833
12,211
12,400
1,119
10,406
$0-50
64,676
35,155
29,321
1,157
876
2281
46,721
15,20
16,798
3,036
13,742
50-60
37,667
21,125
17.542
578
418
160
21,985
16.474
5,511
15,104
11,871
GO and over
35,019
17,132
17,887
315
203
112
18,188
12,870
5,318
16,516
4,059
12,157
Adi Hindu
175,687
90,922
84,765
71,998
42,289
29,709
89,365
44,878
44,487
14,324
3,755
10,569
0-1
5,404
2,570
2,834
5,393
2,568
2,825
10
2
8
113
26,882
13,043
13,837
26,562
12,923
13,630
301
117
184
19
3
14
5-10
21,114
10,906
10,208
18,543
10,354
8,180
2,470
543
1,027
101
9
92
10-15
18,295
9,511
8,784
12,700
8,300
4,301
5,456
1,095
4,361
139
119
15-20
15,272
7,361
7,908
4,224
3,838
386
10,692
3,124
7,268
356
102
254
20-30
33,066
15,697
17,309
2,555
2,335
220
28,978
12,974
16,004
1,533
1188
1,145
30-40
23,770
12,940
10,830
731
666
65
20,265
11,606
8,059
2,774
648
2,106
40-50
15,547
9,069
6,478
602
565
47
11.403
7,720
3,683
3,542
794
2,748
50-60
8,853
5,367
3,486
439
412
27
5,291
1,012
1,279
3,123
9431
2,180
60 and over
7,484
4,453
3,031
249
242
4,499
3,385
1,114
2,736
826
1,910