VII-PART II:-AGE AND CIVIL CONDITION BY DISTRICTS-WARANGAL DISTRICT.
Srl   Communities
POPULATION
UNMARRIED
MARRIED
WIDOWED
DIVORCED'
and Age
Persons
Males
Females
Persons
Males
Females
Persons
Males
Fernales
Persons
Males Females
P
M.
F.
10
11
12
13
14
15
16
17
ALL COM-
1,321,838
682,054
639,784
540,969
315,776
225,193
659,784
337,555 322,229 118,581
27,629
90,952 2,504 1,094 1,410
MUNTTIES.
0
40,330
20,289
20,081
40,326
20,209
20,057
1_ 5
165,253
88,184
82,069
163,073
82,271
80,802
2,085
912
1,178
95
94
5-10
167,565
88,844
84,221
144,637
77,687
67,000
22,431
5,078
16,758
487
30
457
ig
10 ~15
150,794
76,822
73,972
105,456
65,200
40,256
44,401
11,528
32,873
880
87
798
4
50
15
220
126,185
65,849
00,836
44,697
84,127
10,570
79,213
30,935
48,278
2,148
285
1,888
127
22
105
20_80
245,768
126,211
119,557
32,112
27,871
4,241
200,752
95,428 105,324
12,411
2,701
9,710
493
211
282
80 _ 40
163,580
87,186
76,804
5,809
4,726
1,088
136,938
77,010
59,028
20,273
4,282
15,991
560
208
292
40
550
117,363
64,808
52,780
2,539
1,908
636
87,897
56,585
31,332
26,427
5,014
20,518
500
279
50
60
77,499
41,478
36,021
1,437
1,097
840
48,824
33,740
15,084
26,883
6,468
20,415
355
323
60 & oveI
67,501
83,808
88,898
883
875
208
37,239
24,864
12,875
28,977
7,881
21,096
409
188
212
2. Brahmanic
23,875
11,515
12,360
10,169
4,935
5,235
13,169
6,425
6,744
537
155
382
Hindus _
0=
555
257
298
555
257
298
6
1-
;
2,414
1,186
1,278
2,399
1,134
1,265
15
18
5_10
2,876
1,009
1,867
2,747
984
1,768
128
28
108
10_15
2,819
1,095
1,724
2,034
925
1,109
779
170
809
24
14
16 20
2,771
1,390
1,881
1,205
698
507
1,544
687
857
20
80
4,263
2,245
2,018
1,132
843
289
3,057
1,388
1,669
30
40
3,669
1,880
1,839
62
3,497
1,782
1,765
4
SQ
40 _50
1,769
930
889
i
11
1,625
884
741
1
97
50_80
1,362
734
628
138
1,274
708
571
60 & over
1,377
889
488
1,250
884
416
113
5
8. Other Hindus
756,049
389,947
366,102
303,021
181,224
121,797
378,481
193,999 184,482
73,578
14,326
59,252
969
398
571
25,072
12,936
12,146
25,068
12,926
12,142
8:
99,412
51,09+
48,318
98,062
50,486
47,576
1,303
608
695
47
47
95,877
46,722
49,155
79,690
48,198
36,492
15,866
3,520
12,846
317
317
10 -15
82,769
44,086
38,703
55,824
87,168
18,661
26,374
6,884
19,490
542
15
527
2
15
20
69,161
86,160
38,001
22,080
18,882
8,748
45,731
17,702
28,029
1,294
116
1,178
35
20
80
143,770
78,255
70,515
17,668
15,580
2,188
117,299
56,082
61,217
8,589
1,55+
7,035
214
89
125
30
40
94,001
50,509
48,492
2,716
2,202
514
78,147
45,941
32,206
12,931
2,266
10,665
207
107
40
50
66,828
30,238
80,595
1,038
739
290
49,438
32,398
17,040
16,168
3,020
18,148
184
13
108
50 _80
40,679
20,732
19,994
622
443
179
24,154
17,189
6,965
15,762
3,081
12,731
141
72
00 & over
38,480
18,250
20,280
253
205
48
20,165
18,675
6,490
17,928
4,324
18,604
134
48
88
No:
1