Age, Sex and Civil Condition._—Western Division.
A——Total Population.
Marrriep. Wipowep. _
Persons. Males. Females. Persons. — Males. - tt Females.
8 9 | 10 | ee eee) EB
4 a 4 = 7 a
———_-- — —- — | 3) - _— -
BBG 97 \ a 73 32 at
7,926 890 7,036 425 112 313.
49,359 7.237 42,122 | 2,184 - 460 1,724
_ 90,671 27,696 62,075 6,199 ; 1,790 4390 f
127,086 56,669 720,427 - 11,206 8,456 7,750
106,780 54,975 \ 51,805 13,766 4,088 9,678
101,116 59,201 | “41,915 15,644 4179 11,465
"4, 71,980 44,642 27,288 20,065 4,413 15,652
“62,849 35,150 17,699 18,226 3,922 14,304
37,206 26,030 11,176 23,031 4642 18,390
21,043 15,767 5,276 14,733 3,261 11,472
28,120 23,042 5,078 42,537 _ 10283 | -32.254\
| 604,653 | 351,386 | 343,267 168,069 | 40,637 127,432
